percent	ang_W	r	phase	choose_angle	delta_1_x_3	delta_2_x_1	delta_3_x_2	delta_3_x_1	delta_1_x_2	delta_2_x_3
0.00	0.000	51.000	0.000	0.006	0.001	0.095	-2.100	2.094	-0.095	0.006
0.69	0.087	51.000	0.000	0.073	0.067	0.125	-2.168	2.028	-0.125	0.073
1.39	0.175	51.000	0.000	0.191	0.189	0.199	-2.286	1.905	-0.199	0.191
2.08	0.262	51.000	0.000	0.249	0.235	0.287	-2.343	1.859	-0.287	0.249
2.78	0.349	51.000	0.000	0.321	0.342	0.274	-2.415	1.752	-0.274	0.321
3.47	0.436	51.000	0.000	0.393	0.406	0.371	-2.487	1.688	-0.371	0.393
4.17	0.524	51.000	0.000	0.549	0.553	0.545	-2.643	1.541	-0.545	0.549
4.86	0.611	51.000	0.000	0.599	0.623	0.580	-2.693	1.472	-0.580	0.599
5.56	0.698	51.000	0.000	0.708	0.740	0.693	-2.803	1.354	-0.693	0.708
6.25	0.785	51.000	0.000	0.756	0.733	0.765	-2.850	1.361	-0.765	0.756
6.94	0.873	51.000	0.000	0.920	0.949	0.883	-2.986	1.146	-0.883	0.892
7.64	0.960	51.000	0.000	-2.094	-2.032	0.980	-3.079	-2.157	-0.980	0.984
8.33	1.047	51.000	0.000	1.027	0.962	1.029	-3.120	1.132	-1.029	1.025
9.03	1.134	51.000	0.000	1.153	0.894	1.157	3.039	1.201	-1.157	1.150
9.72	1.222	51.000	0.000	1.231	0.821	1.236	2.963	1.273	-1.236	1.225
10.42	1.309	51.000	0.000	1.263	0.891	1.323	2.829	1.203	-1.323	1.360
11.11	1.396	51.000	0.000	1.424	0.743	1.424	2.724	1.351	-1.424	1.464
11.81	1.484	51.000	0.000	1.498	0.621	1.498	2.671	1.473	-1.498	1.518
12.50	1.571	51.000	0.000	1.599	0.546	1.599	2.532	1.548	-1.599	1.657
13.19	1.658	51.000	0.000	1.617	0.499	1.617	2.546	1.596	-1.617	1.642
13.89	1.745	51.000	0.000	1.743	0.363	1.743	2.425	1.731	-1.743	1.764
14.58	1.833	51.000	0.000	1.844	0.316	1.806	2.307	1.779	-1.806	1.881
15.28	1.920	51.000	0.000	1.942	0.209	1.902	2.207	1.886	-1.902	1.982
15.97	2.007	51.000	0.000	2.011	0.095	2.024	-1.236	1.999	-2.024	-0.859
16.67	2.094	51.000	0.000	2.061	0.026	2.054	2.255	2.068	-2.054	1.934
17.36	2.182	51.000	0.000	2.215	-0.114	2.221	-1.129	2.209	-2.221	-0.965
18.06	2.269	51.000	0.000	2.308	-0.214	2.298	2.340	2.308	-2.298	1.849
18.75	2.356	51.000	0.000	2.376	-0.281	2.359	2.415	2.376	-2.359	1.774
19.44	2.443	51.000	0.000	2.403	-0.308	2.424	2.352	2.403	-2.424	1.837
20.14	2.531	51.000	0.000	2.511	-0.417	2.506	2.519	2.511	-2.506	1.670
20.83	2.618	51.000	0.000	2.575	-0.480	2.555	2.598	2.575	-2.555	1.591
21.53	2.705	51.000	0.000	2.710	-0.616	2.705	2.714	2.710	-2.705	1.475
22.22	2.793	51.000	0.000	2.816	-0.722	2.846	2.802	2.816	-2.846	1.386
22.92	2.880	51.000	0.000	2.883	-0.788	2.781	2.925	2.883	-2.781	1.264
23.61	2.967	51.000	0.000	2.952	-0.851	2.959	2.942	2.946	-2.959	1.247
24.31	3.054	51.000	0.000	3.053	-0.966	0.136	3.046	3.061	-0.136	1.143
25.00	3.142	51.000	0.000	3.134	-1.040	0.050	3.133	3.135	-0.050	1.056
25.69	-3.054	51.000	0.000	-3.056	-1.131	3.019	-3.053	-3.058	-3.019	0.959
26.39	-2.967	51.000	0.000	-2.979	-1.223	0.124	-2.991	-2.966	-0.124	0.896
27.08	-2.880	51.000	0.000	-2.895	-1.282	2.861	-2.895	-2.907	-2.861	0.800
27.78	-2.793	51.000	0.000	-2.787	-1.403	2.788	-2.787	-2.786	-2.788	0.692
28.47	-2.705	51.000	0.000	-2.699	-1.534	2.760	-2.699	-2.655	-2.760	0.605
29.17	-2.618	51.000	0.000	-2.617	-1.577	2.622	-2.617	-2.611	-2.622	0.522
29.86	-2.531	51.000	0.000	-2.555	-1.641	2.560	-2.555	-2.547	-2.560	0.460
30.56	-2.443	51.000	0.000	-2.471	-1.627	2.414	-2.471	-2.562	-2.414	0.377
31.25	-2.356	51.000	0.000	-2.349	-1.879	2.362	-2.349	-2.309	-2.362	0.255
31.94	-2.269	51.000	0.000	-2.275	-1.792	2.237	-2.275	-2.397	-2.237	0.180
32.64	-2.182	51.000	0.000	-2.185	0.960	2.190	-2.181	1.134	-2.190	0.086
33.33	-2.094	51.000	0.000	-2.066	0.929	2.070	-2.061	1.166	-2.070	-0.033
34.03	-2.007	51.000	0.000	-2.001	-1.934	1.996	-2.006	-2.254	-1.996	-0.088
34.72	-1.920	51.000	0.000	-1.952	-2.007	1.896	-1.875	-2.182	-1.896	-0.219
35.42	-1.833	51.000	0.000	-1.847	-1.875	1.819	-1.799	-2.314	-1.819	-0.295
36.11	-1.745	51.000	0.000	-1.732	-1.689	1.732	-1.757	-2.499	-1.732	-0.338
36.81	-1.658	51.000	0.000	-1.672	-1.650	1.672	-1.687	-2.539	-1.672	-0.407
37.50	-1.571	51.000	0.000	-1.552	-1.545	1.552	-1.560	-2.644	-1.552	-0.535
38.19	-1.484	51.000	0.000	-1.498	-1.500	1.498	-1.494	-2.689	-1.498	-0.600
38.89	-1.396	51.000	0.000	-1.371	-1.362	1.371	-1.389	-2.827	-1.371	-0.705
39.58	-1.309	51.000	0.000	-1.337	-1.327	1.337	-1.361	-2.862	-1.337	-0.734
40.28	-1.222	51.000	0.000	-1.247	-1.214	1.247	-1.347	-2.975	-1.247	-0.747
40.97	-1.134	51.000	0.000	-1.147	-1.108	1.147	-1.320	-3.080	-1.147	-0.775
41.67	-1.047	51.000	0.000	-1.039	-1.043	1.034	2.213	3.137	-1.034	1.975
42.36	-0.960	51.000	0.000	-0.929	-0.948	0.911	2.315	3.042	-0.911	1.873
43.06	-0.873	51.000	0.000	-0.802	-0.802	0.870	-1.451	2.897	-0.870	-0.644
43.75	-0.785	51.000	0.000	-0.863	-0.780	0.736	-1.148	2.874	-0.736	-0.946
44.44	-0.698	51.000	0.000	-0.689	-0.689	0.701	-1.428	2.783	-0.701	-0.666
45.14	-0.611	51.000	0.000	-0.571	-0.571	0.602	-1.559	2.666	-0.602	-0.536
45.83	-0.524	51.000	0.000	-0.503	-0.503	0.507	-1.595	2.598	-0.507	-0.500
46.53	-0.436	51.000	0.000	-0.457	-0.457	0.434	-1.619	2.551	-0.434	-0.475
47.22	-0.349	51.000	0.000	-0.350	-0.350	0.361	-1.751	2.444	-0.361	-0.344
47.92	-0.262	51.000	0.000	-0.277	-0.277	0.362	-1.855	2.371	-0.362	-0.239
48.61	-0.175	51.000	0.000	-0.169	-0.169	0.010	-1.906	2.264	-0.010	-0.188
49.31	-0.087	51.000	0.000	-0.095	-0.076	2.904	-1.980	2.170	-2.904	-0.114
50.00	0.000	51.000	0.000	0.016	0.026	2.956	-2.100	2.069	-2.956	0.006
50.69	0.087	51.000	0.000	0.102	0.106	3.086	-2.193	1.988	-3.086	0.098
51.39	0.175	51.000	0.000	0.193	0.201	0.163	-2.288	1.894	-0.163	0.193
52.08	0.262	51.000	0.000	0.296	0.295	0.300	-2.391	1.800	-0.300	0.296
52.78	0.349	51.000	0.000	0.362	0.337	0.405	-2.457	1.757	-0.405	0.362
53.47	0.436	51.000	0.000	0.428	0.446	0.402	-2.522	1.648	-0.402	0.428
54.17	0.524	51.000	0.000	0.542	0.543	0.540	-2.636	1.551	-0.540	0.542
54.86	0.611	51.000	0.000	0.592	0.524	0.647	-2.686	1.571	-0.647	0.592
55.56	0.698	51.000	0.000	0.680	0.762	0.638	-2.775	1.333	-0.638	0.680
56.25	0.785	51.000	0.000	0.782	0.842	0.762	-2.876	1.252	-0.762	0.782
56.94	0.873	51.000	0.000	0.879	0.887	0.877	-2.973	1.208	-0.877	0.879
57.64	0.960	51.000	0.000	0.986	1.042	0.920	-3.023	1.052	-0.920	0.929
58.33	1.047	51.000	0.000	1.046	0.823	1.060	-3.126	1.271	-1.060	1.031
59.03	1.134	51.000	0.000	1.133	-2.034	1.130	3.052	-2.155	-1.130	1.136
59.72	1.222	51.000	0.000	1.215	-1.939	1.200	2.959	-2.249	-1.200	1.230
60.42	1.309	51.000	0.000	1.338	0.718	1.338	2.867	1.376	-1.338	1.322
61.11	1.396	51.000	0.000	1.405	0.695	1.405	2.780	1.399	-1.405	1.409
61.81	1.484	51.000	0.000	1.503	0.547	1.503	2.721	1.547	-1.503	1.468
62.50	1.571	51.000	0.000	1.560	0.465	1.560	2.696	1.630	-1.560	1.493
63.19	1.658	51.000	0.000	1.638	0.433	1.638	2.580	1.662	-1.638	1.609
63.89	1.745	51.000	0.000	1.766	0.341	1.766	2.396	1.753	-1.766	1.793
64.58	1.833	51.000	0.000	1.833	0.294	1.815	2.337	1.801	-1.815	1.852
65.28	1.920	51.000	0.000	1.963	0.126	1.957	2.288	1.968	-1.957	1.901
65.97	2.007	51.000	0.000	1.988	0.120	2.001	-1.233	1.974	-2.001	-0.861
66.67	2.094	51.000	0.000	2.118	-0.027	2.114	2.206	2.121	-2.114	1.983
67.36	2.182	51.000	0.000	2.202	-0.107	2.180	2.311	2.202	-2.180	1.878
68.06	2.269	51.000	0.000	2.251	-0.157	2.242	2.291	2.251	-2.242	1.898
68.75	2.356	51.000	0.000	2.364	-0.269	2.333	2.437	2.364	-2.333	1.751
69.44	2.443	51.000	0.000	2.439	-0.344	2.392	2.522	2.439	-2.392	1.667
70.14	2.531	51.000	0.000	2.515	-0.421	2.548	2.466	2.515	-2.548	1.723
70.83	2.618	51.000	0.000	2.597	-0.503	2.608	2.586	2.597	-2.608	1.603
71.53	2.705	51.000	0.000	2.703	-0.609	2.779	2.649	2.703	-2.779	1.540
72.22	2.793	51.000	0.000	2.782	-0.688	2.795	2.776	2.782	-2.795	1.413
72.92	2.880	51.000	0.000	2.891	-0.797	2.858	2.903	2.891	-2.858	1.286
73.61	2.967	51.000	0.000	3.003	-0.908	2.995	3.003	3.002	-2.995	1.186
74.31	3.054	51.000	0.000	3.047	-0.963	0.165	3.036	3.057	-0.165	1.152
75.00	3.142	51.000	0.000	-3.137	-1.057	0.141	3.140	-3.132	-0.141	1.049
75.69	-3.054	51.000	0.000	-3.051	-1.152	0.199	-3.064	-3.037	-0.199	0.970
76.39	-2.967	51.000	0.000	-3.014	-1.226	3.052	-2.975	-2.963	-3.052	0.881
77.08	-2.880	51.000	0.000	-2.860	-1.307	2.810	-2.860	-2.882	-2.810	0.766
77.78	-2.793	51.000	0.000	-2.784	-1.392	2.763	-2.784	-2.796	-2.763	0.690
78.47	-2.705	51.000	0.000	-2.710	-1.508	2.752	-2.710	-2.680	-2.752	0.616
79.17	-2.618	51.000	0.000	-2.574	-1.658	2.610	-2.574	-2.531	-2.610	0.480
79.86	-2.531	51.000	0.000	-2.534	-1.639	2.522	-2.534	-2.550	-2.522	0.439
80.56	-2.443	51.000	0.000	-2.472	-1.676	2.447	-2.472	-2.513	-2.447	0.378
81.25	-2.356	51.000	0.000	-2.346	-1.813	2.335	-2.346	-2.376	-2.335	0.252
81.94	-2.269	51.000	0.000	-2.258	-1.905	2.253	-2.258	-2.283	-2.253	0.164
82.64	-2.182	51.000	0.000	-2.196	-1.958	2.191	-2.196	-2.231	-2.191	0.102
83.33	-2.094	51.000	0.000	-2.108	0.949	2.111	-2.105	1.145	-2.111	0.011
84.03	-2.007	51.000	0.000	-1.997	0.829	2.013	-1.980	1.265	-2.013	-0.114
84.72	-1.920	51.000	0.000	-1.937	-1.819	1.937	-1.969	-2.370	-1.937	-0.126
85.42	-1.833	51.000	0.000	-1.796	-1.822	1.796	-1.786	-2.367	-1.796	-0.309
86.11	-1.745	51.000	0.000	-1.759	-1.820	1.759	-1.731	-2.369	-1.759	-0.363
86.81	-1.658	51.000	0.000	-1.679	-1.600	1.679	-1.735	-2.588	-1.679	-0.359
87.50	-1.571	51.000	0.000	-1.540	-1.517	1.540	-1.564	-2.671	-1.540	-0.530
88.19	-1.484	51.000	0.000	-1.476	-1.472	1.476	-1.481	-2.717	-1.476	-0.614
88.89	-1.396	51.000	0.000	-1.393	-1.406	1.393	-1.369	-2.783	-1.393	-0.726
89.58	-1.309	51.000	0.000	-1.282	-1.363	1.330	-1.233	-2.825	-1.330	-0.861
90.28	-1.222	51.000	0.000	-1.240	-1.248	1.245	-1.234	-2.940	-1.245	-0.861
90.97	-1.134	51.000	0.000	-1.140	-1.144	1.136	2.171	-3.045	-1.136	2.017
91.67	-1.047	51.000	0.000	-1.066	-1.082	1.050	2.330	-3.106	-1.050	1.859
92.36	-0.960	51.000	0.000	-0.912	-0.912	0.969	-1.380	3.006	-0.969	-0.714
93.06	-0.873	51.000	0.000	-0.839	-0.839	0.875	-1.363	2.933	-0.875	-0.732
93.75	-0.785	51.000	0.000	-0.777	-0.777	0.768	-1.291	2.872	-0.768	-0.804
94.44	-0.698	51.000	0.000	-0.723	-0.723	0.753	-1.430	2.817	-0.753	-0.664
95.14	-0.611	51.000	0.000	-0.616	-0.616	0.628	-1.494	2.711	-0.628	-0.600
95.83	-0.524	51.000	0.000	-0.524	-0.524	0.578	-1.625	2.618	-0.578	-0.469
96.53	-0.436	51.000	0.000	-0.444	-0.444	0.477	-1.676	2.538	-0.477	-0.419
97.22	-0.349	51.000	0.000	-0.360	-0.360	0.284	-1.695	2.455	-0.284	-0.399
97.92	-0.262	51.000	0.000	-0.249	-0.249	0.149	-1.818	2.343	-0.149	-0.276
98.61	-0.175	51.000	0.000	-0.182	-0.182	0.193	-1.915	2.276	-0.193	-0.179
99.31	-0.087	51.000	0.000	-0.056	-0.056	0.084	-2.041	2.150	-0.084	-0.053
100.00	0.000	51.000	0.000	0.022	0.014	0.123	-2.117	2.080	-0.123	0.022
