percent	ang_W	r	phase	choose_angle	delta_1_x_3	delta_2_x_1	delta_3_x_2	delta_3_x_1	delta_1_x_2	delta_2_x_3
0.69	0.000	51.000	0.000	-0.014	-0.014	0.104	-2.086	2.109	-0.104	-0.008
1.38	0.087	51.000	0.000	0.095	0.080	0.179	-2.189	2.014	-0.179	0.095
2.07	0.175	51.000	0.000	0.168	0.178	0.111	-2.262	1.916	-0.111	0.168
2.76	0.262	51.000	0.000	0.235	0.251	0.177	-2.329	1.843	-0.177	0.235
3.45	0.349	51.000	0.000	0.348	0.340	0.362	-2.442	1.754	-0.362	0.348
4.14	0.436	51.000	0.000	0.425	0.431	0.416	-2.519	1.663	-0.416	0.425
4.83	0.524	51.000	0.000	0.520	0.521	0.520	-2.615	1.573	-0.520	0.520
5.52	0.611	51.000	0.000	0.599	0.616	0.586	-2.693	1.479	-0.586	0.599
6.21	0.698	51.000	0.000	0.687	0.688	0.686	-2.781	1.407	-0.686	0.687
6.90	0.785	51.000	0.000	0.788	0.780	0.791	-2.882	1.315	-0.791	0.788
7.59	0.873	51.000	0.000	0.864	0.993	0.843	-2.958	1.102	-0.843	0.864
8.28	0.960	51.000	0.000	0.939	0.863	0.953	-3.033	1.231	-0.953	0.939
8.97	1.047	51.000	0.000	1.033	-1.979	1.029	-3.132	-2.210	-1.029	1.037
9.66	1.134	51.000	0.000	1.120	0.937	1.122	3.071	1.158	-1.122	1.118
10.34	1.222	51.000	0.000	1.209	0.904	1.227	2.954	1.191	-1.227	1.235
11.03	1.309	51.000	0.000	1.309	0.785	1.309	2.881	1.310	-1.309	1.308
11.72	1.396	51.000	0.000	1.387	0.695	1.387	2.808	1.400	-1.387	1.381
12.41	1.484	51.000	0.000	1.481	0.618	1.481	2.705	1.476	-1.481	1.484
13.10	1.571	51.000	0.000	1.558	0.560	1.558	2.607	1.534	-1.558	1.581
13.79	1.658	51.000	0.000	1.652	0.428	1.652	2.555	1.666	-1.652	1.634
14.48	1.745	51.000	0.000	1.753	0.343	1.753	2.433	1.751	-1.753	1.756
15.17	1.833	51.000	0.000	1.833	0.256	1.833	2.372	1.839	-1.833	1.817
15.86	1.920	51.000	0.000	1.936	0.163	1.936	2.232	1.932	-1.936	1.957
16.55	2.007	51.000	0.000	2.007	0.093	2.013	-1.158	2.001	-2.013	-0.936
17.24	2.094	51.000	0.000	2.096	-0.010	2.096	2.218	2.104	-2.096	1.970
17.93	2.182	51.000	0.000	2.164	-0.081	2.177	2.153	2.175	-2.177	2.035
18.62	2.269	51.000	0.000	2.274	-0.180	2.260	2.327	2.274	-2.260	1.862
19.31	2.356	51.000	0.000	2.360	-0.266	2.357	2.369	2.360	-2.357	1.820
20.00	2.443	51.000	0.000	2.435	-0.341	2.458	2.387	2.435	-2.458	1.802
20.69	2.531	51.000	0.000	2.533	-0.438	2.540	2.523	2.533	-2.540	1.666
21.38	2.618	51.000	0.000	2.606	-0.512	2.635	2.576	2.606	-2.635	1.613
22.07	2.705	51.000	0.000	2.698	-0.604	2.708	2.691	2.698	-2.708	1.498
22.76	2.793	51.000	0.000	2.806	-0.711	2.784	2.817	2.806	-2.784	1.372
23.45	2.880	51.000	0.000	2.882	-0.788	2.891	2.879	2.882	-2.891	1.310
24.14	2.967	51.000	0.000	2.975	-0.890	0.069	2.965	2.984	-0.069	1.223
24.83	3.054	51.000	0.000	3.050	-0.953	3.008	3.052	3.047	-3.008	1.137
25.52	3.142	51.000	0.000	3.126	-1.034	0.104	3.122	3.129	-0.104	1.066
26.21	-3.054	51.000	0.000	-3.069	-1.132	0.200	-3.082	-3.056	-0.200	0.988
26.90	-2.967	51.000	0.000	-2.962	-1.240	3.027	-2.962	-2.949	-3.027	0.867
27.59	-2.880	51.000	0.000	-2.878	-1.294	2.837	-2.878	-2.895	-2.837	0.784
28.28	-2.793	51.000	0.000	-2.788	-1.387	2.762	-2.788	-2.802	-2.762	0.693
28.97	-2.705	51.000	0.000	-2.710	-1.460	2.684	-2.710	-2.729	-2.684	0.615
29.66	-2.618	51.000	0.000	-2.622	-1.596	2.653	-2.622	-2.593	-2.653	0.528
30.34	-2.531	51.000	0.000	-2.526	-1.641	2.510	-2.526	-2.548	-2.510	0.432
31.03	-2.443	51.000	0.000	-2.437	-1.759	2.441	-2.437	-2.430	-2.441	0.343
31.72	-2.356	51.000	0.000	-2.361	-1.797	2.349	-2.361	-2.392	-2.349	0.266
32.41	-2.269	51.000	0.000	-2.248	-1.958	2.270	-2.264	-2.231	-2.270	0.170
33.10	-2.182	51.000	0.000	-2.179	-1.985	2.177	-2.180	-2.204	-2.177	0.086
33.79	-2.094	51.000	0.000	-2.100	-1.890	2.088	-2.112	-2.299	-2.088	0.017
34.48	-2.007	51.000	0.000	-2.003	-1.949	1.999	-2.007	-2.240	-1.999	-0.088
35.17	-1.920	51.000	0.000	-1.954	-1.987	1.922	-1.910	-2.202	-1.922	-0.184
35.86	-1.833	51.000	0.000	-1.845	-1.865	1.845	-1.838	-2.324	-1.845	-0.257
36.55	-1.745	51.000	0.000	-1.744	-1.785	1.744	-1.724	-2.403	-1.744	-0.371
37.24	-1.658	51.000	0.000	-1.660	-1.698	1.660	-1.632	-2.491	-1.660	-0.462
37.93	-1.571	51.000	0.000	-1.570	-1.568	1.570	-1.572	-2.621	-1.570	-0.522
38.62	-1.484	51.000	0.000	-1.483	-1.472	1.483	-1.496	-2.716	-1.483	-0.598
39.31	-1.396	51.000	0.000	-1.401	-1.411	1.401	-1.380	-2.777	-1.401	-0.714
40.00	-1.309	51.000	0.000	-1.316	-1.321	1.316	-1.301	-2.867	-1.316	-0.794
40.69	-1.222	51.000	0.000	-1.227	-1.243	1.227	-1.138	-2.946	-1.227	-0.956
41.38	-1.134	51.000	0.000	-1.140	-1.138	1.140	-1.153	-3.050	-1.140	-0.942
42.07	-1.047	51.000	0.000	-1.052	-1.053	1.050	2.169	-3.136	-1.050	2.020
42.76	-0.960	51.000	0.000	-0.959	-0.959	0.971	-1.214	3.054	-0.971	-0.881
43.45	-0.873	51.000	0.000	-0.868	-0.868	0.865	-1.212	2.962	-0.865	-0.883
44.14	-0.785	51.000	0.000	-0.792	-0.792	0.796	-1.315	2.886	-0.796	-0.780
44.83	-0.698	51.000	0.000	-0.691	-0.691	0.706	-1.430	2.785	-0.706	-0.664
45.52	-0.611	51.000	0.000	-0.609	-0.609	0.622	-1.502	2.704	-0.622	-0.593
46.21	-0.524	51.000	0.000	-0.525	-0.525	0.536	-1.580	2.620	-0.536	-0.514
46.90	-0.436	51.000	0.000	-0.439	-0.439	0.449	-1.662	2.534	-0.449	-0.433
47.59	-0.349	51.000	0.000	-0.338	-0.338	0.327	-1.751	2.432	-0.327	-0.343
48.28	-0.262	51.000	0.000	-0.252	-0.252	0.237	-1.837	2.347	-0.237	-0.258
48.97	-0.175	51.000	0.000	-0.178	-0.178	0.230	-1.930	2.273	-0.230	-0.165
49.66	-0.087	51.000	0.000	-0.072	-0.072	0.113	-2.027	2.167	-0.113	-0.068
50.34	0.000	51.000	0.000	-0.004	-0.000	3.025	-2.086	2.094	-3.025	-0.008
51.03	0.087	51.000	0.000	0.099	0.102	0.075	-2.193	1.993	-0.075	0.099
51.72	0.175	51.000	0.000	0.203	0.186	0.257	-2.297	1.908	-0.257	0.203
52.41	0.262	51.000	0.000	0.262	0.260	0.268	-2.357	1.834	-0.268	0.262
53.10	0.349	51.000	0.000	0.349	0.339	0.366	-2.443	1.755	-0.366	0.349
53.79	0.436	51.000	0.000	0.407	0.391	0.432	-2.502	1.703	-0.432	0.407
54.48	0.524	51.000	0.000	0.524	0.526	0.521	-2.618	1.568	-0.521	0.524
55.17	0.611	51.000	0.000	0.616	0.615	0.616	-2.710	1.479	-0.616	0.616
55.86	0.698	51.000	0.000	0.707	0.712	0.704	-2.801	1.382	-0.704	0.707
56.55	0.785	51.000	0.000	0.785	0.778	0.787	-2.879	1.316	-0.787	0.785
57.24	0.873	51.000	0.000	0.886	1.026	0.879	-2.988	1.068	-0.879	0.894
57.93	0.960	51.000	0.000	-2.094	-1.951	0.953	-3.064	-2.238	-0.953	0.969
58.62	1.047	51.000	0.000	1.066	0.990	1.066	3.124	1.104	-1.066	1.065
59.31	1.134	51.000	0.000	1.133	0.948	1.134	3.056	1.146	-1.134	1.133
60.00	1.222	51.000	0.000	1.217	0.796	1.217	2.994	1.299	-1.217	1.195
60.69	1.309	51.000	0.000	1.317	0.727	1.317	2.892	1.367	-1.317	1.297
61.38	1.396	51.000	0.000	1.406	0.663	1.406	2.797	1.431	-1.406	1.391
62.07	1.484	51.000	0.000	1.477	0.594	1.477	2.729	1.501	-1.477	1.460
62.76	1.571	51.000	0.000	1.569	0.504	1.569	2.641	1.591	-1.569	1.547
63.45	1.658	51.000	0.000	1.651	0.430	1.651	2.557	1.665	-1.651	1.632
64.14	1.745	51.000	0.000	1.756	0.349	1.756	2.411	1.746	-1.756	1.778
64.83	1.833	51.000	0.000	1.836	0.258	1.836	2.354	1.837	-1.836	1.835
65.52	1.920	51.000	0.000	1.917	0.175	1.917	2.283	1.919	-1.917	1.906
66.21	2.007	51.000	0.000	2.023	0.079	2.030	-1.194	2.015	-2.030	-0.900
66.90	2.094	51.000	0.000	2.091	-0.006	2.091	2.220	2.100	-2.091	1.968
67.59	2.182	51.000	0.000	2.186	-0.091	2.181	2.219	2.186	-2.181	1.969
68.28	2.269	51.000	0.000	2.275	-0.181	2.265	2.316	2.275	-2.265	1.873
68.97	2.356	51.000	0.000	2.381	-0.287	2.384	2.373	2.381	-2.384	1.815
69.66	2.443	51.000	0.000	2.437	-0.342	2.449	2.411	2.437	-2.449	1.778
70.34	2.531	51.000	0.000	2.531	-0.437	2.535	2.526	2.531	-2.535	1.663
71.03	2.618	51.000	0.000	2.627	-0.533	2.630	2.624	2.627	-2.630	1.565
71.72	2.705	51.000	0.000	2.718	-0.623	2.720	2.716	2.718	-2.720	1.473
72.41	2.793	51.000	0.000	2.798	-0.704	2.807	2.794	2.798	-2.807	1.395
73.10	2.880	51.000	0.000	2.889	-0.795	2.927	2.877	2.889	-2.927	1.312
73.79	2.967	51.000	0.000	3.015	-0.891	3.045	2.976	2.986	-3.045	1.213
74.48	3.054	51.000	0.000	3.067	-0.964	3.076	3.057	3.059	-3.076	1.132
75.17	3.142	51.000	0.000	3.140	-1.046	2.956	-3.123	3.140	-2.956	1.029
75.86	-3.054	51.000	0.000	-3.072	-1.138	3.091	-3.054	-3.051	-3.091	0.959
76.55	-2.967	51.000	0.000	-2.976	-1.207	2.951	-2.976	-2.981	-2.951	0.881
77.24	-2.880	51.000	0.000	-2.889	-1.296	2.878	-2.889	-2.892	-2.878	0.794
77.93	-2.793	51.000	0.000	-2.791	-1.387	2.772	-2.791	-2.802	-2.772	0.697
78.62	-2.705	51.000	0.000	-2.697	-1.495	2.701	-2.697	-2.694	-2.701	0.603
79.31	-2.618	51.000	0.000	-2.605	-1.599	2.618	-2.605	-2.590	-2.618	0.510
80.00	-2.531	51.000	0.000	-2.517	-1.685	2.527	-2.517	-2.504	-2.527	0.423
80.69	-2.443	51.000	0.000	-2.436	-1.730	2.424	-2.436	-2.459	-2.424	0.341
81.38	-2.356	51.000	0.000	-2.342	-1.929	2.366	-2.342	-2.260	-2.366	0.248
82.07	-2.269	51.000	0.000	-2.262	-1.921	2.262	-2.263	-2.268	-2.262	0.168
82.76	-2.182	51.000	0.000	-2.188	-1.994	2.188	-2.188	-2.195	-2.188	0.094
83.45	-2.094	51.000	0.000	-2.084	-1.984	2.081	-2.088	-2.205	-2.081	-0.007
84.14	-2.007	51.000	0.000	-2.023	-2.036	2.011	-2.009	-2.153	-2.011	-0.086
84.83	-1.920	51.000	0.000	-1.925	-1.874	1.919	-1.931	-2.315	-1.919	-0.163
85.52	-1.833	51.000	0.000	-1.831	-1.850	1.831	-1.825	-2.339	-1.831	-0.269
86.21	-1.745	51.000	0.000	-1.736	-1.772	1.736	-1.718	-2.417	-1.736	-0.377
86.90	-1.658	51.000	0.000	-1.682	-1.673	1.682	-1.689	-2.516	-1.682	-0.405
87.59	-1.571	51.000	0.000	-1.558	-1.551	1.558	-1.565	-2.638	-1.558	-0.529
88.28	-1.484	51.000	0.000	-1.506	-1.524	1.506	-1.483	-2.665	-1.506	-0.611
88.97	-1.396	51.000	0.000	-1.403	-1.399	1.403	-1.412	-2.790	-1.403	-0.683
89.66	-1.309	51.000	0.000	-1.310	-1.298	1.310	-1.341	-2.891	-1.310	-0.754
90.34	-1.222	51.000	0.000	-1.231	-1.225	1.231	-1.255	-2.964	-1.231	-0.840
91.03	-1.134	51.000	0.000	-1.141	-1.138	1.141	-1.168	-3.051	-1.141	-0.927
91.72	-1.047	51.000	0.000	-1.044	-1.038	1.049	-1.188	3.132	-1.049	-0.906
92.41	-0.960	51.000	0.000	-0.940	-0.940	0.948	-1.208	3.034	-0.948	-0.887
93.10	-0.873	51.000	0.000	-0.858	-0.858	0.869	-1.278	2.953	-0.869	-0.817
93.79	-0.785	51.000	0.000	-0.768	-0.768	0.789	-1.375	2.863	-0.789	-0.719
94.48	-0.698	51.000	0.000	-0.711	-0.711	0.727	-1.413	2.806	-0.727	-0.681
95.17	-0.611	51.000	0.000	-0.606	-0.606	0.608	-1.491	2.700	-0.608	-0.604
95.86	-0.524	51.000	0.000	-0.537	-0.537	0.504	-1.522	2.632	-0.504	-0.573
96.55	-0.436	51.000	0.000	-0.432	-0.432	0.435	-1.665	2.526	-0.435	-0.429
97.24	-0.349	51.000	0.000	-0.349	-0.349	0.340	-1.740	2.444	-0.340	-0.354
97.93	-0.262	51.000	0.000	-0.250	-0.250	0.224	-1.836	2.345	-0.224	-0.259
98.62	-0.175	51.000	0.000	-0.177	-0.177	0.186	-1.920	2.271	-0.186	-0.175
99.31	-0.087	51.000	0.000	3.142	-0.087	3.077	-2.000	2.181	-3.077	-0.094
100.00	0.000	51.000	0.000	0.017	0.006	0.143	-2.112	2.089	-0.143	0.017
