percent	ang_W	r	phase	choose_angle	choose_angle_GN	delta_1_x_3	delta_2_x_1	delta_3_x_2	delta_3_x_1	delta_1_x_2	delta_2_x_3
0.00	0.000	51.000	0.000	0.052	NaN	-0.002	0.100	-2.098	2.096	-0.100	0.004
0.69	0.087	51.000	0.000	0.091	-2.950	0.094	0.042	-2.185	2.000	-0.042	0.091
1.39	0.175	51.000	0.000	0.183	0.812	0.184	0.176	-2.277	1.910	-0.176	0.183
2.08	0.262	51.000	0.000	0.268	-0.540	0.249	0.316	-2.363	1.845	-0.316	0.268
2.78	0.349	51.000	0.000	0.350	0.372	0.351	0.348	-2.444	1.744	-0.348	0.350
3.47	0.436	51.000	0.000	0.438	-2.881	0.439	0.436	-2.532	1.655	-0.436	0.438
4.17	0.524	51.000	0.000	0.520	-2.099	0.517	0.523	-2.614	1.578	-0.523	0.520
4.86	0.611	51.000	0.000	0.605	2.853	0.614	0.599	-2.700	1.481	-0.599	0.605
5.56	0.698	51.000	0.000	0.699	-2.706	0.705	0.696	-2.793	1.390	-0.696	0.699
6.25	0.785	51.000	0.000	0.780	-3.065	0.792	0.775	-2.874	1.303	-0.775	0.780
6.94	0.873	51.000	0.000	0.873	0.927	0.840	0.881	-2.967	1.254	-0.881	0.873
7.64	0.960	51.000	0.000	0.970	2.603	0.980	0.958	-3.055	1.114	-0.958	0.960
8.33	1.047	51.000	0.000	1.049	-0.055	-2.018	1.047	3.138	-2.170	-1.047	1.051
9.03	1.134	51.000	0.000	1.103	2.180	1.015	1.126	3.059	1.079	-1.126	1.129
9.72	1.222	51.000	0.000	1.210	1.208	0.899	1.225	2.958	1.195	-1.225	1.231
10.42	1.309	51.000	0.000	1.317	-3.106	0.769	1.317	2.875	1.325	-1.317	1.314
11.11	1.396	51.000	0.000	1.394	NaN	0.702	1.394	2.794	1.393	-1.394	1.394
11.81	1.484	51.000	0.000	1.477	-2.806	0.599	1.477	2.726	1.496	-1.477	1.463
12.50	1.571	51.000	0.000	1.562	-2.093	0.533	1.562	2.627	1.561	-1.562	1.562
13.19	1.658	51.000	0.000	1.659	-1.087	0.429	1.659	2.538	1.666	-1.659	1.650
13.89	1.745	51.000	0.000	1.744	1.741	0.349	1.744	2.447	1.745	-1.744	1.742
14.58	1.833	51.000	0.000	1.834	1.830	0.266	1.831	2.351	1.828	-1.831	1.837
15.28	1.920	51.000	0.000	1.917	-1.504	0.176	1.917	2.277	1.918	-1.917	1.912
15.97	2.007	51.000	0.000	2.011	NaN	0.083	2.011	2.181	2.011	-2.011	2.008
16.67	2.094	51.000	0.000	2.096	-2.986	-0.003	2.094	2.174	2.097	-2.094	2.015
17.36	2.182	51.000	0.000	2.175	NaN	-0.077	2.179	-1.129	2.171	-2.179	-0.965
18.06	2.269	51.000	0.000	2.269	-2.382	-0.175	2.269	2.270	2.269	-2.269	1.919
18.75	2.356	51.000	0.000	2.357	2.369	-0.262	2.362	2.341	2.357	-2.362	1.847
19.44	2.443	51.000	0.000	2.439	2.489	-0.345	2.431	2.453	2.439	-2.431	1.735
20.14	2.531	51.000	0.000	2.526	-1.672	-0.431	2.539	2.506	2.526	-2.539	1.682
20.83	2.618	51.000	0.000	2.617	2.331	-0.523	2.618	2.616	2.617	-2.618	1.573
21.53	2.705	51.000	0.000	2.693	-0.227	-0.599	2.692	2.694	2.693	-2.692	1.495
22.22	2.793	51.000	0.000	2.782	-0.265	-0.688	2.790	2.777	2.782	-2.790	1.411
22.92	2.880	51.000	0.000	2.877	-0.480	-0.782	2.870	2.879	2.877	-2.870	1.309
23.61	2.967	51.000	0.000	2.989	-2.366	-0.882	3.003	2.971	2.976	-3.003	1.218
24.31	3.054	51.000	0.000	3.044	NaN	-0.947	3.006	3.047	3.042	-3.006	1.142
25.00	3.142	51.000	0.000	3.134	2.379	-1.041	0.071	3.133	3.136	-0.071	1.056
25.69	-3.054	51.000	0.000	-3.054	3.128	-1.135	3.055	-3.054	-3.054	-3.055	0.959
26.39	-2.967	51.000	0.000	-2.978	-3.096	-1.215	2.982	-2.975	-2.974	-2.982	0.881
27.08	-2.880	51.000	0.000	-2.883	-2.526	-1.305	2.881	-2.883	-2.883	-2.881	0.788
27.78	-2.793	51.000	0.000	-2.795	2.844	-1.392	2.792	-2.795	-2.796	-2.792	0.701
28.47	-2.705	51.000	0.000	-2.707	2.465	-1.483	2.708	-2.707	-2.706	-2.708	0.613
29.17	-2.618	51.000	0.000	-2.622	1.428	-1.570	2.624	-2.622	-2.619	-2.624	0.527
29.86	-2.531	51.000	0.000	-2.532	-0.871	-1.655	2.531	-2.532	-2.534	-2.531	0.438
30.56	-2.443	51.000	0.000	-2.443	1.802	-1.740	2.439	-2.443	-2.449	-2.439	0.348
31.25	-2.356	51.000	0.000	-2.357	-0.238	-1.838	2.359	-2.357	-2.351	-2.359	0.262
31.94	-2.269	51.000	0.000	-2.266	2.775	-1.957	2.273	-2.266	-2.232	-2.273	0.172
32.64	-2.182	51.000	0.000	-2.141	-0.664	-2.080	2.177	-2.173	-2.109	-2.177	0.079
33.33	-2.094	51.000	0.000	1.047	2.792	1.010	2.098	-2.097	1.084	-2.098	0.003
34.03	-2.007	51.000	0.000	-2.007	2.771	0.932	2.013	-2.001	1.162	-2.013	-0.094
34.72	-1.920	51.000	0.000	-1.925	-1.564	-1.916	1.924	-1.926	-2.272	-1.924	-0.168
35.42	-1.833	51.000	0.000	-1.828	1.827	-1.830	1.828	-1.828	-2.358	-1.828	-0.267
36.11	-1.745	51.000	0.000	-1.752	2.322	-1.748	1.752	-1.754	-2.440	-1.752	-0.341
36.81	-1.658	51.000	0.000	-1.661	-2.946	-1.656	1.661	-1.665	-2.533	-1.661	-0.429
37.50	-1.571	51.000	0.000	-1.568	-1.560	-1.567	1.568	-1.569	-2.622	-1.568	-0.525
38.19	-1.484	51.000	0.000	-1.484	NaN	-1.484	1.484	-1.484	-2.705	-1.484	-0.611
38.89	-1.396	51.000	0.000	-1.398	-1.730	-1.398	1.398	-1.398	-2.791	-1.398	-0.697
39.58	-1.309	51.000	0.000	-1.294	-1.364	-1.314	1.306	-1.282	-2.875	-1.306	-0.812
40.28	-1.222	51.000	0.000	-1.212	-2.189	-1.226	1.222	-1.203	-2.963	-1.222	-0.892
40.97	-1.134	51.000	0.000	-1.096	NaN	-1.133	1.129	-1.063	-3.056	-1.129	-1.031
41.67	-1.047	51.000	0.000	-1.054	1.024	-1.056	1.052	2.182	-3.133	-1.052	2.007
42.36	-0.960	51.000	0.000	-0.972	-2.173	-0.965	0.964	-1.116	3.060	-0.964	-0.978
43.06	-0.873	51.000	0.000	-0.883	-1.961	-0.883	0.880	-1.196	2.978	-0.880	-0.899
43.75	-0.785	51.000	0.000	-0.781	-0.392	-0.781	0.784	-1.323	2.875	-0.784	-0.772
44.44	-0.698	51.000	0.000	-0.704	-1.043	-0.704	0.706	-1.396	2.798	-0.706	-0.698
45.14	-0.611	51.000	0.000	-0.614	NaN	-0.614	0.620	-1.487	2.709	-0.620	-0.607
45.83	-0.524	51.000	0.000	-0.540	-0.531	-0.540	0.535	-1.550	2.634	-0.535	-0.545
46.53	-0.436	51.000	0.000	-0.437	-1.123	-0.437	0.444	-1.663	2.531	-0.444	-0.432
47.22	-0.349	51.000	0.000	-0.350	1.002	-0.350	0.361	-1.751	2.444	-0.361	-0.344
47.92	-0.262	51.000	0.000	-0.260	-0.770	-0.260	0.253	-1.831	2.355	-0.253	-0.263
48.61	-0.175	51.000	0.000	-0.175	3.008	-0.175	0.192	-1.923	2.269	-0.192	-0.171
49.31	-0.087	51.000	0.000	-0.085	NaN	-0.085	0.091	-2.009	2.180	-0.091	-0.085
50.00	0.000	51.000	0.000	0.008	0.104	0.003	0.092	-2.102	2.091	-0.092	0.008
50.69	0.087	51.000	0.000	0.091	2.590	0.087	0.122	-2.185	2.007	-0.122	0.091
51.39	0.175	51.000	0.000	0.179	-2.049	0.174	0.200	-2.273	1.921	-0.200	0.179
52.08	0.262	51.000	0.000	0.270	-2.859	0.267	0.277	-2.364	1.828	-0.277	0.270
52.78	0.349	51.000	0.000	0.348	-2.472	0.353	0.339	-2.442	1.742	-0.339	0.348
53.47	0.436	51.000	0.000	0.438	-0.979	0.447	0.425	-2.532	1.648	-0.425	0.438
54.17	0.524	51.000	0.000	0.529	0.508	0.535	0.523	-2.623	1.559	-0.523	0.529
54.86	0.611	51.000	0.000	0.618	NaN	0.612	0.622	-2.713	1.482	-0.622	0.618
55.56	0.698	51.000	0.000	0.695	0.729	0.696	0.695	-2.790	1.399	-0.695	0.695
56.25	0.785	51.000	0.000	0.786	-0.670	0.768	0.793	-2.881	1.326	-0.793	0.786
56.94	0.873	51.000	0.000	0.867	NaN	0.874	0.865	-2.961	1.221	-0.865	0.867
57.64	0.960	51.000	0.000	0.976	0.969	0.994	0.953	-3.051	1.100	-0.953	0.957
58.33	1.047	51.000	0.000	1.044	1.111	-2.023	1.042	-3.140	-2.166	-1.042	1.045
59.03	1.134	51.000	0.000	1.136	1.469	0.931	1.137	3.055	1.164	-1.137	1.134
59.72	1.222	51.000	0.000	1.229	-2.604	0.862	1.229	2.960	1.232	-1.229	1.228
60.42	1.309	51.000	0.000	1.319	2.967	0.745	1.319	2.882	1.349	-1.319	1.307
61.11	1.396	51.000	0.000	1.391	-3.128	0.704	1.391	2.798	1.390	-1.391	1.391
61.81	1.484	51.000	0.000	1.487	-1.781	0.595	1.487	2.712	1.499	-1.487	1.477
62.50	1.571	51.000	0.000	1.573	-2.043	0.511	1.573	2.627	1.583	-1.573	1.562
63.19	1.658	51.000	0.000	1.651	-2.657	0.433	1.651	2.552	1.662	-1.651	1.637
63.89	1.745	51.000	0.000	1.745	NaN	0.356	1.745	2.430	1.738	-1.745	1.759
64.58	1.833	51.000	0.000	1.837	1.443	0.257	1.837	2.354	1.838	-1.837	1.835
65.28	1.920	51.000	0.000	1.917	1.940	0.175	1.915	2.290	1.919	-1.915	1.899
65.97	2.007	51.000	0.000	2.008	-3.085	0.085	2.007	2.203	2.009	-2.007	1.986
66.67	2.094	51.000	0.000	2.089	-0.580	0.007	2.090	-1.118	2.088	-2.090	-0.977
67.36	2.182	51.000	0.000	2.185	-2.920	-0.091	2.186	2.184	2.186	-2.186	2.005
68.06	2.269	51.000	0.000	2.276	2.318	-0.182	2.274	2.286	2.276	-2.274	1.903
68.75	2.356	51.000	0.000	2.357	0.295	-0.263	2.364	2.338	2.357	-2.364	1.850
69.44	2.443	51.000	0.000	2.445	2.457	-0.350	2.443	2.448	2.445	-2.443	1.741
70.14	2.531	51.000	0.000	2.537	-2.077	-0.442	2.540	2.532	2.537	-2.540	1.657
70.83	2.618	51.000	0.000	2.626	2.640	-0.532	2.638	2.615	2.626	-2.638	1.574
71.53	2.705	51.000	0.000	2.692	-1.082	-0.598	2.690	2.694	2.692	-2.690	1.494
72.22	2.793	51.000	0.000	2.788	2.807	-0.693	2.779	2.793	2.788	-2.779	1.396
72.92	2.880	51.000	0.000	2.880	NaN	-0.786	2.897	2.874	2.880	-2.897	1.314
73.61	2.967	51.000	0.000	2.967	1.991	-0.871	2.969	2.964	2.965	-2.969	1.225
74.31	3.054	51.000	0.000	3.054	-2.068	-0.957	3.005	3.057	3.051	-3.005	1.131
75.00	3.142	51.000	0.000	3.138	NaN	-1.047	0.099	3.136	3.141	-0.099	1.053
75.69	-3.054	51.000	0.000	-3.070	NaN	-1.141	3.088	-3.051	-3.048	-3.088	0.957
76.39	-2.967	51.000	0.000	-2.979	-0.454	-1.218	2.984	-2.973	-2.971	-2.984	0.879
77.08	-2.880	51.000	0.000	-2.884	-1.373	-1.305	2.884	-2.884	-2.884	-2.884	0.790
77.78	-2.793	51.000	0.000	-2.786	-1.994	-1.401	2.782	-2.786	-2.788	-2.782	0.692
78.47	-2.705	51.000	0.000	-2.706	-0.503	-1.481	2.705	-2.706	-2.708	-2.705	0.612
79.17	-2.618	51.000	0.000	-2.616	-1.058	-1.566	2.610	-2.616	-2.623	-2.610	0.522
79.86	-2.531	51.000	0.000	-2.525	-1.494	-1.655	2.518	-2.525	-2.534	-2.518	0.430
80.56	-2.443	51.000	0.000	-2.438	-1.060	-1.762	2.444	-2.438	-2.427	-2.444	0.343
81.25	-2.356	51.000	0.000	-2.349	2.354	-1.836	2.348	-2.349	-2.353	-2.348	0.255
81.94	-2.269	51.000	0.000	-2.271	2.240	-1.903	2.268	-2.271	-2.286	-2.268	0.177
82.64	-2.182	51.000	0.000	-2.157	-2.493	-2.050	2.178	-2.176	-2.139	-2.178	0.081
83.33	-2.094	51.000	0.000	-2.092	2.098	-1.970	2.087	-2.096	-2.218	-2.087	0.002
84.03	-2.007	51.000	0.000	-2.009	-1.341	-1.965	2.006	-2.011	-2.224	-2.006	-0.083
84.72	-1.920	51.000	0.000	-1.924	1.934	-1.919	1.924	-1.925	-2.270	-1.924	-0.170
85.42	-1.833	51.000	0.000	-1.828	-1.322	-1.818	1.828	-1.832	-2.371	-1.828	-0.263
86.11	-1.745	51.000	0.000	-1.742	1.745	-1.732	1.742	-1.747	-2.457	-1.742	-0.347
86.81	-1.658	51.000	0.000	-1.658	-1.101	-1.643	1.658	-1.668	-2.546	-1.658	-0.426
87.50	-1.571	51.000	0.000	-1.573	1.556	-1.567	1.573	-1.580	-2.622	-1.573	-0.514
88.19	-1.484	51.000	0.000	-1.487	-2.499	-1.489	1.487	-1.485	-2.700	-1.487	-0.610
88.89	-1.396	51.000	0.000	-1.400	NaN	-1.395	1.400	-1.409	-2.794	-1.400	-0.686
89.58	-1.309	51.000	0.000	-1.311	NaN	-1.309	1.311	-1.315	-2.879	-1.311	-0.779
90.28	-1.222	51.000	0.000	-1.220	0.472	-1.227	1.225	-1.215	-2.962	-1.225	-0.879
90.97	-1.134	51.000	0.000	-1.136	-2.951	-1.136	1.137	-1.140	-3.053	-1.137	-0.955
91.67	-1.047	51.000	0.000	-1.048	-0.085	-1.050	1.047	2.165	-3.139	-1.047	2.024
92.36	-0.960	51.000	0.000	-0.961	2.400	-0.960	0.962	-1.157	3.054	-0.962	-0.938
93.06	-0.873	51.000	0.000	-0.870	-1.564	-0.870	0.876	-1.251	2.964	-0.876	-0.843
93.75	-0.785	51.000	0.000	-0.786	0.076	-0.786	0.782	-1.300	2.880	-0.782	-0.795
94.44	-0.698	51.000	0.000	-0.690	-2.534	-0.690	0.685	-1.396	2.784	-0.685	-0.699
95.14	-0.611	51.000	0.000	-0.610	-1.622	-0.610	0.607	-1.479	2.705	-0.607	-0.615
95.83	-0.524	51.000	0.000	-0.522	-2.721	-0.522	0.522	-1.572	2.617	-0.522	-0.523
96.53	-0.436	51.000	0.000	-0.432	NaN	-0.432	0.422	-1.656	2.526	-0.422	-0.438
97.22	-0.349	51.000	0.000	-0.341	0.288	-0.341	0.336	-1.751	2.435	-0.336	-0.343
97.92	-0.262	51.000	0.000	-0.255	0.221	-0.255	0.251	-1.838	2.350	-0.251	-0.257
98.61	-0.175	51.000	0.000	-0.172	2.015	-0.172	0.143	-1.916	2.267	-0.143	-0.178
99.31	-0.087	51.000	0.000	3.142	-3.084	-0.085	3.053	-2.000	2.179	-3.053	-0.094
100.00	0.000	51.000	0.000	-0.004	NaN	-0.004	0.050	-2.091	2.099	-0.050	-0.003
