percent	ang_W	r	phase	choose_angle	delta_1_x_3	delta_2_x_1	delta_3_x_2	delta_3_x_1	delta_1_x_2	delta_2_x_3
0.00	0.000	51.000	0.000	3.142	-0.014	2.971	-2.064	2.108	-2.971	-0.031
0.69	0.087	51.000	0.000	0.102	0.116	2.949	-2.183	1.979	-2.949	0.088
1.39	0.175	51.000	0.000	0.234	0.219	0.277	-2.328	1.876	-0.277	0.234
2.08	0.262	51.000	0.000	0.269	0.273	0.260	-2.364	1.822	-0.260	0.269
2.78	0.349	51.000	0.000	0.363	0.297	0.470	-2.457	1.797	-0.470	0.363
3.47	0.436	51.000	0.000	0.412	0.404	0.424	-2.507	1.691	-0.424	0.412
4.17	0.524	51.000	0.000	0.539	0.594	0.488	-2.634	1.501	-0.488	0.539
4.86	0.611	51.000	0.000	0.608	0.627	0.593	-2.702	1.467	-0.593	0.608
5.56	0.698	51.000	0.000	0.676	0.678	0.674	-2.770	1.416	-0.674	0.676
6.25	0.785	51.000	0.000	0.746	0.693	0.770	-2.840	1.401	-0.770	0.746
6.94	0.873	51.000	0.000	0.878	0.827	0.891	-2.972	1.267	-0.891	0.878
7.64	0.960	51.000	0.000	-2.094	-2.050	0.978	-3.076	-2.139	-0.978	0.982
8.33	1.047	51.000	0.000	1.053	0.823	1.068	-3.133	1.271	-1.068	1.039
9.03	1.134	51.000	0.000	1.132	0.906	1.135	3.061	1.188	-1.135	1.128
9.72	1.222	51.000	0.000	1.186	0.958	1.235	2.935	1.136	-1.235	1.254
10.42	1.309	51.000	0.000	1.310	0.706	1.310	2.911	1.388	-1.310	1.277
11.11	1.396	51.000	0.000	1.425	0.685	1.425	2.755	1.409	-1.425	1.434
11.81	1.484	51.000	0.000	1.474	0.592	1.474	2.735	1.502	-1.474	1.453
12.50	1.571	51.000	0.000	1.565	0.514	1.565	2.639	1.580	-1.565	1.550
13.19	1.658	51.000	0.000	1.701	0.452	1.701	2.385	1.642	-1.701	1.803
13.89	1.745	51.000	0.000	1.753	0.344	1.753	2.430	1.751	-1.753	1.759
14.58	1.833	51.000	0.000	1.839	0.222	1.839	2.433	1.873	-1.839	1.756
15.28	1.920	51.000	0.000	1.941	0.148	1.935	2.303	1.947	-1.935	1.886
15.97	2.007	51.000	0.000	2.010	0.073	1.998	2.314	2.022	-1.998	1.875
16.67	2.094	51.000	0.000	2.069	0.023	2.066	2.195	2.072	-2.066	1.994
17.36	2.182	51.000	0.000	2.180	-0.061	2.205	-1.328	2.155	-2.205	-0.767
18.06	2.269	51.000	0.000	2.295	-0.200	2.260	2.401	2.295	-2.260	1.788
18.75	2.356	51.000	0.000	2.372	-0.278	2.368	2.383	2.372	-2.368	1.806
19.44	2.443	51.000	0.000	2.493	-0.399	2.470	2.528	2.493	-2.470	1.661
20.14	2.531	51.000	0.000	2.530	-0.436	2.560	2.489	2.530	-2.560	1.700
20.83	2.618	51.000	0.000	2.617	-0.523	2.662	2.572	2.617	-2.662	1.616
21.53	2.705	51.000	0.000	2.710	-0.616	2.752	2.681	2.710	-2.752	1.508
22.22	2.793	51.000	0.000	2.769	-0.674	2.735	2.789	2.769	-2.735	1.399
22.92	2.880	51.000	0.000	2.890	-0.796	2.766	2.942	2.890	-2.766	1.246
23.61	2.967	51.000	0.000	2.963	-0.883	0.119	2.950	2.977	-0.119	1.239
24.31	3.054	51.000	0.000	3.043	-0.942	2.961	3.050	3.037	-2.961	1.139
25.00	3.142	51.000	0.000	3.132	-1.045	0.157	3.125	3.139	-0.157	1.064
25.69	-3.054	51.000	0.000	-3.078	-1.129	0.245	-3.097	-3.060	-0.245	1.002
26.39	-2.967	51.000	0.000	-2.990	-1.195	2.957	-2.987	-2.993	-2.957	0.892
27.08	-2.880	51.000	0.000	-2.913	-1.332	2.947	-2.879	-2.857	-2.947	0.785
27.78	-2.793	51.000	0.000	-2.795	-1.384	2.775	-2.795	-2.805	-2.775	0.700
28.47	-2.705	51.000	0.000	-2.723	-1.502	2.777	-2.723	-2.687	-2.777	0.628
29.17	-2.618	51.000	0.000	-2.629	-1.544	2.613	-2.629	-2.645	-2.613	0.535
29.86	-2.531	51.000	0.000	-2.506	-1.565	2.421	-2.506	-2.624	-2.421	0.412
30.56	-2.443	51.000	0.000	-2.456	-1.756	2.469	-2.456	-2.433	-2.469	0.362
31.25	-2.356	51.000	0.000	-2.349	-1.835	2.348	-2.349	-2.354	-2.348	0.255
31.94	-2.269	51.000	0.000	-2.251	0.942	2.261	-2.240	1.152	-2.261	0.146
32.64	-2.182	51.000	0.000	0.021	0.729	2.175	-2.115	1.365	-2.175	0.021
33.33	-2.094	51.000	0.000	-2.070	-1.915	2.061	-2.080	-2.274	-2.061	-0.015
34.03	-2.007	51.000	0.000	-1.995	-1.830	1.995	-2.032	-2.359	-1.995	-0.063
34.72	-1.920	51.000	0.000	-1.930	-1.925	1.930	-1.931	-2.263	-1.930	-0.164
35.42	-1.833	51.000	0.000	-1.796	-1.799	1.796	-1.795	-2.390	-1.796	-0.299
36.11	-1.745	51.000	0.000	-1.729	-1.758	1.729	-1.712	-2.430	-1.729	-0.382
36.81	-1.658	51.000	0.000	-1.670	-1.636	1.670	-1.694	-2.553	-1.670	-0.400
37.50	-1.571	51.000	0.000	-1.563	-1.593	1.563	-1.533	-2.596	-1.563	-0.562
38.19	-1.484	51.000	0.000	-1.431	-1.426	1.431	-1.439	-2.763	-1.431	-0.655
38.89	-1.396	51.000	0.000	-1.390	-1.389	1.390	-1.392	-2.800	-1.390	-0.703
39.58	-1.309	51.000	0.000	-1.311	-1.275	1.311	-1.398	-2.914	-1.311	-0.697
40.28	-1.222	51.000	0.000	-1.255	-1.231	1.255	-1.332	-2.958	-1.255	-0.763
40.97	-1.134	51.000	0.000	2.094	-1.136	1.130	2.145	-3.053	-1.130	2.044
41.67	-1.047	51.000	0.000	-1.055	-1.053	1.056	-1.113	-3.135	-1.056	-0.981
42.36	-0.960	51.000	0.000	-0.991	-0.950	0.991	-1.326	3.044	-0.991	-0.768
43.06	-0.873	51.000	0.000	-0.908	-0.933	0.883	2.352	3.027	-0.883	1.837
43.75	-0.785	51.000	0.000	-0.847	-0.762	0.712	-1.163	2.857	-0.712	-0.931
44.44	-0.698	51.000	0.000	-0.719	-0.719	0.731	-1.398	2.814	-0.731	-0.696
45.14	-0.611	51.000	0.000	-0.628	-0.628	0.652	-1.501	2.722	-0.652	-0.593
45.83	-0.524	51.000	0.000	-0.497	-0.497	0.443	-1.549	2.591	-0.443	-0.546
46.53	-0.436	51.000	0.000	-0.426	-0.426	0.456	-1.690	2.520	-0.456	-0.404
47.22	-0.349	51.000	0.000	-0.323	-0.323	0.337	-1.778	2.418	-0.337	-0.316
47.92	-0.262	51.000	0.000	-0.248	-0.248	0.215	-1.836	2.342	-0.215	-0.258
48.61	-0.175	51.000	0.000	-0.211	-0.211	0.279	-1.906	2.305	-0.279	-0.189
49.31	-0.087	51.000	0.000	-0.084	-0.084	0.153	-2.020	2.179	-0.153	-0.075
50.00	0.000	51.000	0.000	0.004	0.007	3.042	-2.096	2.087	-3.042	0.001
50.69	0.087	51.000	0.000	0.081	0.086	3.043	-2.171	2.008	-3.043	0.077
51.39	0.175	51.000	0.000	0.175	0.186	0.123	-2.270	1.909	-0.123	0.175
52.08	0.262	51.000	0.000	0.227	0.256	0.100	-2.321	1.839	-0.100	0.227
52.78	0.349	51.000	0.000	0.344	0.323	0.382	-2.438	1.772	-0.382	0.344
53.47	0.436	51.000	0.000	0.404	0.433	0.359	-2.499	1.662	-0.359	0.404
54.17	0.524	51.000	0.000	0.562	0.610	0.521	-2.657	1.485	-0.521	0.562
54.86	0.611	51.000	0.000	0.616	0.574	0.647	-2.711	1.520	-0.647	0.616
55.56	0.698	51.000	0.000	0.708	0.749	0.688	-2.802	1.345	-0.688	0.708
56.25	0.785	51.000	0.000	0.777	0.800	0.769	-2.872	1.294	-0.769	0.777
56.94	0.873	51.000	0.000	0.814	0.750	0.837	-2.909	1.344	-0.837	0.814
57.64	0.960	51.000	0.000	0.935	-1.994	0.929	-3.036	-2.195	-0.929	0.942
58.33	1.047	51.000	0.000	1.048	0.931	1.052	-3.139	1.163	-1.052	1.044
59.03	1.134	51.000	0.000	1.136	0.861	1.144	3.061	1.233	-1.144	1.128
59.72	1.222	51.000	0.000	1.228	0.796	1.237	2.969	1.298	-1.237	1.220
60.42	1.309	51.000	0.000	1.331	0.650	1.331	2.911	1.445	-1.331	1.277
61.11	1.396	51.000	0.000	1.357	0.782	1.357	2.812	1.312	-1.357	1.376
61.81	1.484	51.000	0.000	1.511	0.603	1.511	2.662	1.491	-1.511	1.527
62.50	1.571	51.000	0.000	1.560	0.537	1.560	2.626	1.558	-1.560	1.562
63.19	1.658	51.000	0.000	1.640	0.455	1.640	2.550	1.640	-1.640	1.639
63.89	1.745	51.000	0.000	1.756	0.335	1.756	2.439	1.759	-1.756	1.750
64.58	1.833	51.000	0.000	1.855	0.256	1.845	2.324	1.838	-1.845	1.865
65.28	1.920	51.000	0.000	1.942	0.191	1.914	2.220	1.904	-1.914	1.969
65.97	2.007	51.000	0.000	1.994	0.092	1.986	2.291	2.003	-1.986	1.897
66.67	2.094	51.000	0.000	2.092	0.013	2.103	-1.243	2.081	-2.103	-0.852
67.36	2.182	51.000	0.000	2.191	-0.077	2.210	-1.286	2.172	-2.210	-0.808
68.06	2.269	51.000	0.000	2.272	-0.168	2.282	-1.074	2.263	-2.282	-1.020
68.75	2.356	51.000	0.000	2.331	-0.237	2.337	2.314	2.331	-2.337	1.875
69.44	2.443	51.000	0.000	2.470	-0.376	2.532	2.352	2.470	-2.532	1.837
70.14	2.531	51.000	0.000	2.516	-0.422	2.528	2.499	2.516	-2.528	1.689
70.83	2.618	51.000	0.000	2.608	-0.514	2.638	2.578	2.608	-2.638	1.611
71.53	2.705	51.000	0.000	2.701	-0.606	2.729	2.680	2.701	-2.729	1.509
72.22	2.793	51.000	0.000	2.768	-0.674	2.718	2.799	2.768	-2.718	1.390
72.92	2.880	51.000	0.000	2.891	-0.818	0.095	2.870	2.913	-0.095	1.319
73.61	2.967	51.000	0.000	2.966	-0.871	2.962	2.967	2.966	-2.962	1.222
74.31	3.054	51.000	0.000	3.099	-0.992	2.932	3.111	3.087	-2.932	1.078
75.00	3.142	51.000	0.000	-3.139	-1.059	0.175	3.135	-3.130	-0.175	1.054
75.69	-3.054	51.000	0.000	-3.066	-1.109	2.910	-3.052	-3.080	-2.910	0.958
76.39	-2.967	51.000	0.000	-3.011	-1.173	2.957	-3.006	-3.016	-2.957	0.912
77.08	-2.880	51.000	0.000	-2.878	-1.318	2.897	-2.878	-2.871	-2.897	0.784
77.78	-2.793	51.000	0.000	-2.809	-1.429	2.924	-2.809	-2.760	-2.924	0.714
78.47	-2.705	51.000	0.000	-2.685	-1.495	2.673	-2.685	-2.694	-2.673	0.590
79.17	-2.618	51.000	0.000	-2.598	-1.572	2.580	-2.598	-2.617	-2.580	0.503
79.86	-2.531	51.000	0.000	-2.508	-1.714	2.531	-2.508	-2.474	-2.531	0.414
80.56	-2.443	51.000	0.000	-2.458	-1.713	2.448	-2.458	-2.476	-2.448	0.364
81.25	-2.356	51.000	0.000	-2.386	-1.740	2.357	-2.386	-2.449	-2.357	0.291
81.94	-2.269	51.000	0.000	-2.236	-1.947	2.235	-2.236	-2.242	-2.235	0.141
82.64	-2.182	51.000	0.000	-2.194	-1.987	2.193	-2.194	-2.201	-2.193	0.100
83.33	-2.094	51.000	0.000	-2.081	-2.065	2.081	-2.082	-2.123	-2.081	-0.013
84.03	-2.007	51.000	0.000	-1.981	-1.830	1.981	-2.016	-2.359	-1.981	-0.079
84.72	-1.920	51.000	0.000	-1.890	0.834	1.916	-1.864	1.260	-1.916	-0.230
85.42	-1.833	51.000	0.000	-1.877	-1.904	1.850	-1.834	-2.285	-1.850	-0.261
86.11	-1.745	51.000	0.000	-1.745	-1.795	1.745	-1.720	-2.393	-1.745	-0.374
86.81	-1.658	51.000	0.000	-1.657	-1.702	1.657	-1.624	-2.487	-1.657	-0.470
87.50	-1.571	51.000	0.000	-1.577	-1.520	1.577	-1.632	-2.668	-1.577	-0.463
88.19	-1.484	51.000	0.000	-1.500	-1.446	1.500	-1.568	-2.743	-1.500	-0.527
88.89	-1.396	51.000	0.000	-1.403	-1.408	1.403	-1.396	-2.781	-1.403	-0.699
89.58	-1.309	51.000	0.000	-1.270	-1.334	1.309	-1.231	-2.855	-1.309	-0.863
90.28	-1.222	51.000	0.000	-1.210	-1.218	1.215	-1.204	-2.971	-1.215	-0.890
90.97	-1.134	51.000	0.000	-1.181	-1.172	1.191	-1.273	-3.017	-1.191	-0.822
91.67	-1.047	51.000	0.000	-1.017	-1.015	1.020	-1.147	3.109	-1.020	-0.948
92.36	-0.960	51.000	0.000	-0.982	-0.980	0.985	-1.161	3.074	-0.985	-0.934
93.06	-0.873	51.000	0.000	-0.910	-0.910	0.921	-1.238	3.004	-0.921	-0.856
93.75	-0.785	51.000	0.000	-0.808	-0.808	0.841	-1.373	2.903	-0.841	-0.722
94.44	-0.698	51.000	0.000	-0.720	-0.720	0.688	-1.302	2.814	-0.688	-0.792
95.14	-0.611	51.000	0.000	-0.630	-0.630	0.640	-1.477	2.725	-0.640	-0.617
95.83	-0.524	51.000	0.000	-0.492	-0.492	0.513	-1.621	2.586	-0.513	-0.473
96.53	-0.436	51.000	0.000	-0.465	-0.465	0.484	-1.645	2.560	-0.484	-0.449
97.22	-0.349	51.000	0.000	-0.374	-0.374	0.320	-1.691	2.468	-0.320	-0.404
97.92	-0.262	51.000	0.000	-0.265	-0.265	0.166	-1.798	2.360	-0.166	-0.296
98.61	-0.175	51.000	0.000	-0.172	-0.172	0.191	-1.926	2.267	-0.191	-0.168
99.31	-0.087	51.000	0.000	-0.092	-0.092	0.212	-2.025	2.186	-0.212	-0.070
100.00	0.000	51.000	0.000	3.142	0.005	2.974	-2.083	2.089	-2.974	-0.011
