percent	ang_W	r	phase	choose_angle	choose_angle_GN	delta_1_x_3	delta_2_x_1	delta_3_x_2	delta_3_x_1	delta_1_x_2	delta_2_x_3
0.00	0.000	51.000	0.000	0.072	NaN	0.025	0.291	-2.166	2.070	-0.291	0.072
0.69	0.087	51.000	0.000	0.061	NaN	0.096	2.798	-2.120	1.999	-2.798	0.025
1.39	0.175	51.000	0.000	0.166	NaN	0.182	2.972	-2.244	1.912	-2.972	0.149
2.08	0.262	51.000	0.000	3.142	-2.703	0.226	3.025	-2.286	1.868	-3.025	0.192
2.78	0.349	51.000	0.000	0.449	-0.485	0.460	0.436	-2.544	1.635	-0.436	0.449
3.47	0.436	51.000	0.000	0.423	0.128	0.435	0.406	-2.518	1.659	-0.406	0.423
4.17	0.524	51.000	0.000	0.661	-1.722	0.685	0.646	-2.756	1.409	-0.646	0.661
4.86	0.611	51.000	0.000	0.603	2.017	0.551	0.644	-2.698	1.544	-0.644	0.603
5.56	0.698	51.000	0.000	0.721	-1.602	0.827	0.677	-2.815	1.268	-0.677	0.721
6.25	0.785	51.000	0.000	0.755	1.886	0.566	0.854	-2.849	1.529	-0.854	0.755
6.94	0.873	51.000	0.000	0.910	NaN	-1.843	0.886	-3.029	-2.346	-0.886	0.934
7.64	0.960	51.000	0.000	0.979	-2.129	-1.789	0.950	-3.101	-2.399	-0.950	1.007
8.33	1.047	51.000	0.000	1.053	NaN	-2.038	1.052	3.135	-2.151	-1.052	1.054
9.03	1.134	51.000	0.000	1.100	1.156	-1.926	1.091	3.080	-2.262	-1.091	1.109
9.72	1.222	51.000	0.000	1.247	1.236	-1.904	1.225	2.919	-2.284	-1.225	1.270
10.42	1.309	51.000	0.000	1.379	1.126	0.869	1.379	2.749	1.225	-1.379	1.440
11.11	1.396	51.000	0.000	1.429	1.319	-2.034	1.383	2.713	-2.154	-1.383	1.476
11.81	1.484	51.000	0.000	1.523	0.243	0.490	1.523	2.736	1.605	-1.523	1.453
12.50	1.571	51.000	0.000	1.554	1.401	0.497	1.554	2.675	1.597	-1.554	1.513
13.19	1.658	51.000	0.000	1.737	2.899	0.263	1.737	2.603	1.831	-1.737	1.586
13.89	1.745	51.000	0.000	1.800	2.699	0.275	1.800	2.432	1.820	-1.800	1.757
14.58	1.833	51.000	0.000	1.810	-1.279	0.194	1.810	2.557	1.900	-1.810	1.632
15.28	1.920	51.000	0.000	1.902	-1.833	0.208	1.917	-1.173	1.886	-1.917	-0.922
15.97	2.007	51.000	0.000	1.944	-1.239	0.157	1.952	-1.102	1.937	-1.952	-0.992
16.67	2.094	51.000	0.000	2.199	-2.649	-0.105	2.103	2.511	2.199	-2.103	1.678
17.36	2.182	51.000	0.000	2.108	0.115	-0.058	2.108	2.376	2.153	-2.108	1.812
18.06	2.269	51.000	0.000	2.232	-2.724	-0.137	2.229	2.244	2.232	-2.229	1.945
18.75	2.356	51.000	0.000	2.388	NaN	-0.293	2.348	2.472	2.388	-2.348	1.717
19.44	2.443	51.000	0.000	2.447	0.498	-0.353	2.435	2.470	2.447	-2.435	1.719
20.14	2.531	51.000	0.000	2.508	0.731	-0.413	2.466	2.567	2.508	-2.466	1.622
20.83	2.618	51.000	0.000	2.639	1.246	-0.544	2.832	2.466	2.639	-2.832	1.723
21.53	2.705	51.000	0.000	2.765	NaN	-0.671	2.697	2.807	2.765	-2.697	1.381
22.22	2.793	51.000	0.000	2.728	-0.762	-0.688	0.034	2.673	2.782	-0.034	1.516
22.92	2.880	51.000	0.000	2.811	-3.106	-0.717	2.790	2.822	2.811	-2.790	1.367
23.61	2.967	51.000	0.000	2.885	2.914	-0.791	2.840	2.902	2.885	-2.840	1.287
24.31	3.054	51.000	0.000	3.099	-3.010	-0.984	2.868	3.120	3.078	-2.868	1.069
25.00	3.142	51.000	0.000	-3.095	-0.434	-1.062	2.801	-3.063	-3.127	-2.801	0.968
25.69	-3.054	51.000	0.000	-3.124	NaN	-1.081	0.232	-3.139	-3.108	-0.232	1.045
26.39	-2.967	51.000	0.000	-2.967	-2.847	-1.235	0.110	-2.979	-2.954	-0.110	0.885
27.08	-2.880	51.000	0.000	-2.926	-2.952	-1.258	2.909	-2.926	-2.931	-2.909	0.832
27.78	-2.793	51.000	0.000	-2.783	-2.714	-1.353	2.695	-2.783	-2.836	-2.695	0.689
28.47	-2.705	51.000	0.000	-2.698	-1.575	-1.396	2.580	-2.698	-2.793	-2.580	0.604
29.17	-2.618	51.000	0.000	-2.597	2.356	-1.636	2.637	-2.597	-2.553	-2.637	0.503
29.86	-2.531	51.000	0.000	-2.528	-1.806	-1.676	2.539	-2.528	-2.512	-2.539	0.433
30.56	-2.443	51.000	0.000	-2.401	0.217	-1.908	2.446	-2.401	-2.281	-2.446	0.307
31.25	-2.356	51.000	0.000	-2.455	-0.505	-1.658	2.410	-2.455	-2.531	-2.410	0.361
31.94	-2.269	51.000	0.000	-2.219	NaN	0.863	2.233	-2.204	1.231	-2.233	0.110
32.64	-2.182	51.000	0.000	-2.207	NaN	0.726	2.241	-2.174	1.368	-2.241	0.079
33.33	-2.094	51.000	0.000	-2.124	1.551	-1.866	2.109	-2.139	-2.323	-2.109	0.044
34.03	-2.007	51.000	0.000	-2.054	2.659	0.820	2.070	-2.039	1.274	-2.070	-0.056
34.72	-1.920	51.000	0.000	-1.942	0.377	-1.986	1.899	-1.881	-2.203	-1.899	-0.213
35.42	-1.833	51.000	0.000	-1.821	-3.069	-1.699	1.821	-1.876	-2.490	-1.821	-0.218
36.11	-1.745	51.000	0.000	-1.633	1.759	-1.696	1.633	-1.584	-2.493	-1.633	-0.511
36.81	-1.658	51.000	0.000	-1.631	-1.428	-1.681	1.631	-1.592	-2.507	-1.631	-0.503
37.50	-1.571	51.000	0.000	1.537	-2.281	-1.772	1.537	-1.236	-2.417	-1.537	-0.859
38.19	-1.484	51.000	0.000	-1.498	0.420	-1.468	1.498	-1.535	-2.721	-1.498	-0.559
38.89	-1.396	51.000	0.000	-1.423	0.813	-1.325	1.423	-1.572	-2.864	-1.423	-0.522
39.58	-1.309	51.000	0.000	-1.328	0.769	-1.278	1.328	-1.437	-2.911	-1.328	-0.657
40.28	-1.222	51.000	0.000	-1.146	-0.204	-1.226	1.210	-1.083	-2.963	-1.210	-1.011
40.97	-1.134	51.000	0.000	-1.177	-1.556	-1.203	1.150	2.366	-2.985	-1.150	1.823
41.67	-1.047	51.000	0.000	-1.039	-1.785	-1.055	1.023	2.330	-3.134	-1.023	1.859
42.36	-0.960	51.000	0.000	-0.927	3.122	-0.889	0.877	-1.129	2.983	-0.877	-0.965
43.06	-0.873	51.000	0.000	-0.849	-1.600	-0.869	0.829	2.263	2.964	-0.829	1.926
43.75	-0.785	51.000	0.000	-0.791	2.363	-0.791	0.780	-1.271	2.885	-0.780	-0.824
44.44	-0.698	51.000	0.000	-0.633	-1.887	-0.633	0.713	-1.572	2.727	-0.713	-0.522
45.14	-0.611	51.000	0.000	-0.608	-2.657	-0.608	0.513	-1.344	2.703	-0.513	-0.750
45.83	-0.524	51.000	0.000	-0.464	-1.861	-0.464	0.371	-1.557	2.559	-0.371	-0.537
46.53	-0.436	51.000	0.000	3.142	-2.602	-0.358	3.050	-1.622	2.452	-3.050	-0.472
47.22	-0.349	51.000	0.000	-0.323	1.811	-0.323	0.369	-1.794	2.418	-0.369	-0.300
47.92	-0.262	51.000	0.000	-0.341	-0.916	-0.341	0.439	-1.809	2.436	-0.439	-0.286
48.61	-0.175	51.000	0.000	-0.156	-0.170	-0.156	0.276	-1.971	2.250	-0.276	-0.123
49.31	-0.087	51.000	0.000	0.086	NaN	-0.072	0.534	-2.180	2.166	-0.534	0.086
50.00	0.000	51.000	0.000	0.000	NaN	0.000	2.898	-2.060	2.094	-2.898	-0.034
50.69	0.087	51.000	0.000	0.152	-1.524	0.188	2.826	-2.211	1.906	-2.826	0.116
51.39	0.175	51.000	0.000	0.250	1.599	0.238	0.284	-2.345	1.856	-0.284	0.250
52.08	0.262	51.000	0.000	0.318	-0.965	0.357	2.976	-2.373	1.737	-2.976	0.279
52.78	0.349	51.000	0.000	0.318	0.076	0.295	0.365	-2.413	1.800	-0.365	0.318
53.47	0.436	51.000	0.000	0.443	0.495	0.399	0.501	-2.538	1.696	-0.501	0.443
54.17	0.524	51.000	0.000	0.476	0.651	0.602	0.318	-2.571	1.492	-0.318	0.476
54.86	0.611	51.000	0.000	0.658	NaN	0.540	0.737	-2.752	1.554	-0.737	0.658
55.56	0.698	51.000	0.000	0.696	3.089	0.683	0.704	-2.791	1.411	-0.704	0.696
56.25	0.785	51.000	0.000	0.839	0.785	0.954	0.649	-2.818	1.140	-0.649	0.724
56.94	0.873	51.000	0.000	0.943	1.693	0.729	0.997	-3.037	1.365	-0.997	0.943
57.64	0.960	51.000	0.000	0.954	-1.359	0.717	1.013	-3.048	1.378	-1.013	0.954
58.33	1.047	51.000	0.000	1.031	2.979	-1.871	1.017	-3.140	-2.317	-1.017	1.045
59.03	1.134	51.000	0.000	1.053	-2.987	-1.740	1.017	3.099	-2.449	-1.017	1.089
59.72	1.222	51.000	0.000	1.199	-2.119	0.949	1.252	2.915	1.145	-1.252	1.274
60.42	1.309	51.000	0.000	1.317	NaN	-1.855	1.278	2.832	-2.334	-1.278	1.357
61.11	1.396	51.000	0.000	1.363	1.183	0.603	1.363	2.895	1.491	-1.363	1.294
61.81	1.484	51.000	0.000	1.497	2.732	0.849	1.497	2.529	1.245	-1.497	1.659
62.50	1.571	51.000	0.000	1.509	3.082	0.784	1.509	2.537	1.310	-1.509	1.652
63.19	1.658	51.000	0.000	1.662	-0.312	0.357	1.662	2.626	1.737	-1.662	1.563
63.89	1.745	51.000	0.000	1.754	-0.001	0.319	1.754	2.473	1.775	-1.754	1.715
64.58	1.833	51.000	0.000	1.865	2.115	0.207	1.865	2.388	1.887	-1.865	1.801
65.28	1.920	51.000	0.000	1.956	0.446	0.166	1.983	-1.322	1.928	-1.983	-0.772
65.97	2.007	51.000	0.000	2.053	-1.897	0.047	2.059	-1.182	2.047	-2.059	-0.912
66.67	2.094	51.000	0.000	2.192	NaN	-0.098	2.184	2.245	2.192	-2.184	1.944
67.36	2.182	51.000	0.000	2.199	-2.176	-0.104	2.163	2.358	2.199	-2.163	1.831
68.06	2.269	51.000	0.000	2.275	NaN	-0.180	2.261	2.325	2.275	-2.261	1.863
68.75	2.356	51.000	0.000	2.361	-2.781	-0.266	2.331	2.432	2.361	-2.331	1.757
69.44	2.443	51.000	0.000	2.282	2.409	-0.166	2.304	-1.242	2.260	-2.304	-0.852
70.14	2.531	51.000	0.000	2.487	3.137	-0.393	2.524	2.425	2.487	-2.524	1.764
70.83	2.618	51.000	0.000	2.582	-3.000	-0.487	2.605	2.555	2.582	-2.605	1.634
71.53	2.705	51.000	0.000	2.682	2.523	-0.588	2.603	2.747	2.682	-2.603	1.442
72.22	2.793	51.000	0.000	2.863	-1.765	-0.769	2.826	2.879	2.863	-2.826	1.309
72.92	2.880	51.000	0.000	2.903	NaN	-0.809	2.742	2.971	2.903	-2.742	1.218
73.61	2.967	51.000	0.000	3.051	NaN	-0.914	2.740	3.095	3.008	-2.740	1.094
74.31	3.054	51.000	0.000	3.055	NaN	-0.974	0.197	3.041	3.068	-0.197	1.148
75.00	3.142	51.000	0.000	3.120	-0.182	-1.029	0.097	3.118	3.123	-0.097	1.071
75.69	-3.054	51.000	0.000	-3.074	1.499	-1.139	0.281	-3.098	-3.049	-0.281	1.003
76.39	-2.967	51.000	0.000	-3.036	-1.130	-1.159	0.105	-3.043	-3.030	-0.105	0.948
77.08	-2.880	51.000	0.000	-2.860	2.540	-1.385	0.326	-2.916	-2.804	-0.326	0.822
77.78	-2.793	51.000	0.000	-2.720	1.168	-1.432	2.668	-2.720	-2.757	-2.668	0.625
78.47	-2.705	51.000	0.000	3.142	1.007	-1.729	3.010	-2.675	-2.460	-3.010	0.581
79.17	-2.618	51.000	0.000	-2.616	2.901	-1.569	2.612	-2.616	-2.620	-2.612	0.521
79.86	-2.531	51.000	0.000	-2.531	1.115	-1.697	2.559	-2.531	-2.492	-2.559	0.437
80.56	-2.443	51.000	0.000	-2.416	-2.511	-1.748	2.404	-2.416	-2.441	-2.404	0.322
81.25	-2.356	51.000	0.000	-2.279	-0.978	-2.008	2.429	-2.376	-2.181	-2.429	0.282
81.94	-2.269	51.000	0.000	-2.302	-2.535	-1.829	2.284	-2.302	-2.360	-2.284	0.207
82.64	-2.182	51.000	0.000	-2.225	0.654	0.887	2.237	-2.213	1.207	-2.237	0.118
83.33	-2.094	51.000	0.000	-2.038	-1.034	-1.764	2.038	-2.100	-2.425	-2.038	0.005
84.03	-2.007	51.000	0.000	-1.978	-0.156	-1.906	1.971	-1.984	-2.283	-1.971	-0.111
84.72	-1.920	51.000	0.000	-1.942	1.864	-1.921	1.940	-1.944	-2.268	-1.940	-0.151
85.42	-1.833	51.000	0.000	-1.932	NaN	-1.864	1.924	-1.940	-2.324	-1.924	-0.155
86.11	-1.745	51.000	0.000	-1.853	1.651	-1.932	1.773	-1.714	-2.257	-1.773	-0.381
86.81	-1.658	51.000	0.000	-1.726	-2.450	-1.876	1.726	-1.654	-2.313	-1.726	-0.440
87.50	-1.571	51.000	0.000	-1.525	NaN	-1.543	1.525	-1.504	-2.646	-1.525	-0.590
88.19	-1.484	51.000	0.000	-1.453	1.407	-1.495	1.453	-1.387	-2.694	-1.453	-0.707
88.89	-1.396	51.000	0.000	-1.269	1.109	-1.370	1.330	-1.209	-2.819	-1.330	-0.886
89.58	-1.309	51.000	0.000	-1.229	1.453	-1.176	1.229	-1.389	-3.013	-1.229	-0.705
90.28	-1.222	51.000	0.000	2.094	-1.220	-1.180	1.170	2.113	-3.009	-1.170	2.076
90.97	-1.134	51.000	0.000	-1.219	2.603	-1.124	1.219	-1.477	-3.065	-1.219	-0.617
91.67	-1.047	51.000	0.000	-1.021	0.965	-1.025	1.018	2.202	3.119	-1.018	1.987
92.36	-0.960	51.000	0.000	-1.006	-1.047	-1.005	1.007	-1.116	3.099	-1.007	-0.979
93.06	-0.873	51.000	0.000	-0.891	-0.423	-0.891	0.934	-1.353	2.985	-0.934	-0.741
93.75	-0.785	51.000	0.000	-0.814	-1.583	-0.814	0.898	-1.476	2.909	-0.898	-0.619
94.44	-0.698	51.000	0.000	-0.643	-2.594	-0.643	0.643	-1.451	2.737	-0.643	-0.643
95.14	-0.611	51.000	0.000	-0.588	3.079	-0.588	0.544	-1.450	2.682	-0.544	-0.644
95.83	-0.524	51.000	0.000	-0.554	-2.381	-0.554	0.557	-1.544	2.648	-0.557	-0.550
96.53	-0.436	51.000	0.000	-0.492	-0.095	-0.492	0.345	-1.476	2.586	-0.345	-0.618
97.22	-0.349	51.000	0.000	-0.375	-2.827	-0.375	0.344	-1.701	2.470	-0.344	-0.393
97.92	-0.262	51.000	0.000	-0.240	-3.135	-0.240	0.228	-1.851	2.334	-0.228	-0.243
98.61	-0.175	51.000	0.000	-0.242	1.762	-0.242	0.167	-1.831	2.336	-0.167	-0.263
99.31	-0.087	51.000	0.000	-0.106	-1.233	-0.106	0.350	-2.055	2.200	-0.350	-0.039
100.00	0.000	51.000	0.000	0.196	-2.642	-0.028	0.350	-2.135	2.123	-0.350	0.041
