percent	ang_W	r	phase	choose_angle_GEOMETRIC	choose_angle_MSC_ULA	choose_angle_MSC_UCA	delta_1_x_5	delta_2_x_1	delta_3_x_2	delta_4_x_3	delta_5_x_4	delta_5_x_1	delta_1_x_2	delta_2_x_3	delta_3_x_4	delta_4_x_5
0.00	0.000	51.000	0.000	0.010	0.040	0.000	0.009	0.010	2.971	2.528	-1.280	1.248	-2.523	-2.971	-0.015	0.023
0.69	0.087	51.000	0.000	0.073	0.094	0.089	0.089	0.073	0.025	2.441	-1.340	1.167	-2.586	-0.025	0.072	0.083
1.39	0.175	51.000	0.000	0.192	0.180	0.175	0.220	0.185	2.992	2.356	-1.456	1.037	-2.698	-2.992	0.157	0.199
2.08	0.262	51.000	0.000	0.275	0.267	0.262	0.288	0.275	0.228	2.264	-1.549	0.968	-2.788	-0.228	0.249	0.293
2.78	0.349	51.000	0.000	0.348	0.353	0.349	0.348	0.344	0.357	2.173	-1.611	0.908	-2.857	-0.357	0.341	0.354
3.47	0.436	51.000	0.000	0.433	0.447	0.435	0.474	0.423	0.422	2.102	-1.699	0.782	-2.936	-0.422	0.411	0.443
4.17	0.524	51.000	0.000	0.522	0.536	0.524	-2.326	0.521	0.512	1.968	-1.780	-2.701	-3.034	-0.512	0.546	0.524
4.86	0.611	51.000	0.000	0.600	0.621	0.611	0.495	0.615	0.588	1.914	-1.857	0.761	-3.128	-0.588	0.599	0.600
5.56	0.698	51.000	0.000	0.698	0.710	0.700	-2.372	0.693	0.703	1.864	-1.993	-2.655	3.077	-0.703	0.649	0.737
6.25	0.785	51.000	0.000	0.781	0.801	0.787	0.426	0.796	0.764	1.749	-2.038	0.831	2.974	-0.764	0.764	0.781
6.94	0.873	51.000	0.000	0.864	0.887	0.874	0.393	0.864	0.872	1.624	-2.117	0.863	2.906	-0.872	0.890	0.861
7.64	0.960	51.000	0.000	0.960	0.976	0.960	0.259	0.960	0.968	1.553	-2.211	0.997	2.810	-0.968	0.960	0.954
8.33	1.047	51.000	0.000	1.047	1.065	1.044	0.195	1.047	1.052	1.472	-2.303	1.062	2.723	-1.052	1.041	1.046
9.03	1.134	51.000	0.000	1.131	1.152	1.136	0.126	1.123	1.140	1.325	-2.385	1.131	2.646	-1.140	1.188	1.128
9.72	1.222	51.000	0.000	1.222	1.241	1.223	0.037	1.247	1.214	-2.005	-2.480	1.220	2.523	-1.214	-1.765	1.224
10.42	1.309	51.000	0.000	1.319	1.330	1.309	-0.063	1.312	1.320	1.342	-2.574	1.320	2.458	-1.320	1.171	1.318
11.11	1.396	51.000	0.000	1.399	1.415	1.395	-0.153	1.399	1.376	1.519	-2.649	1.410	2.371	-1.376	0.994	1.392
11.81	1.484	51.000	0.000	1.485	1.503	1.487	-0.228	1.463	1.488	1.513	-2.742	1.485	2.307	-1.488	1.001	1.485
12.50	1.571	51.000	0.000	1.580	1.590	1.573	-0.307	1.534	1.581	1.582	-2.837	1.563	2.236	-1.581	0.931	1.580
13.19	1.658	51.000	0.000	1.634	1.677	1.658	-0.405	1.596	1.671	1.628	-2.891	1.662	2.174	-1.671	0.885	1.634
13.89	1.745	51.000	0.000	1.745	1.765	1.749	-0.475	1.720	1.752	1.739	-3.019	1.732	2.050	-1.752	0.774	1.762
14.58	1.833	51.000	0.000	1.837	1.852	1.831	-0.580	-1.096	1.836	1.822	-3.102	1.837	-1.418	-1.836	0.692	1.846
15.28	1.920	51.000	0.000	1.939	1.939	1.918	-0.675	-1.164	1.924	1.946	3.080	1.931	-1.350	-1.924	0.567	1.946
15.97	2.007	51.000	0.000	1.983	2.025	2.005	-0.750	1.794	2.004	1.983	3.051	2.007	1.976	-2.004	0.530	1.976
16.67	2.094	51.000	0.000	2.085	2.112	2.094	-0.829	1.613	2.095	2.076	2.976	2.085	2.157	-2.095	0.437	2.051
17.36	2.182	51.000	0.000	2.177	2.197	2.183	-0.920	1.590	2.188	2.154	2.879	2.177	2.180	-2.188	0.359	2.147
18.06	2.269	51.000	0.000	2.251	2.283	2.271	-1.028	1.552	2.271	2.251	2.799	2.284	2.218	-2.271	0.262	2.228
18.75	2.356	51.000	0.000	2.354	2.370	2.354	-1.097	1.385	2.376	2.349	2.694	2.354	2.385	-2.376	0.164	2.333
19.44	2.443	51.000	0.000	2.442	2.452	2.445	-1.186	1.329	2.445	2.438	2.606	2.443	2.441	-2.445	0.075	2.420
20.14	2.531	51.000	0.000	2.532	2.541	2.531	-1.273	1.236	2.522	2.538	-0.681	2.530	2.534	-2.522	-0.025	-0.576
20.83	2.618	51.000	0.000	2.620	2.627	2.618	-1.354	1.126	2.620	2.619	2.686	2.611	2.644	-2.620	-0.106	2.341
21.53	2.705	51.000	0.000	2.680	2.714	2.705	-1.441	1.061	2.663	2.733	2.614	2.697	2.709	-2.663	-0.220	2.413
22.22	2.793	51.000	0.000	2.787	2.798	2.794	-1.533	0.983	2.781	2.782	2.821	2.790	2.787	-2.781	-0.268	2.206
22.92	2.880	51.000	0.000	2.881	2.885	2.882	-1.600	0.879	2.881	2.864	2.899	2.857	2.891	-2.881	-0.351	2.127
23.61	2.967	51.000	0.000	2.967	2.969	2.967	-1.700	0.786	3.090	2.967	2.951	2.956	2.984	-3.090	-0.454	2.075
24.31	3.054	51.000	0.000	3.057	3.049	3.054	-1.807	0.712	0.137	3.055	3.048	3.064	3.058	-0.137	-0.541	1.979
25.00	3.142	51.000	0.000	3.138	3.103	3.140	-1.879	0.627	0.104	3.140	3.132	3.136	-3.140	-0.104	-0.626	1.895
25.69	-3.054	51.000	0.000	-3.049	3.063	-3.054	-1.970	0.529	0.127	-3.066	-3.041	-3.056	-3.043	-0.127	-0.704	1.784
26.39	-2.967	51.000	0.000	-2.959	2.967	-2.965	-2.032	0.442	2.959	-2.952	-2.984	-2.994	-2.955	-2.959	-0.818	1.727
27.08	-2.880	51.000	0.000	-2.872	2.885	-2.880	-2.111	0.359	2.864	-2.872	-2.890	-2.915	-2.872	-2.864	-0.898	1.633
27.78	-2.793	51.000	0.000	-2.790	2.800	-2.793	-2.260	0.275	2.832	-2.790	-2.797	-2.767	-2.788	-2.832	-0.980	1.541
28.47	-2.705	51.000	0.000	-2.703	2.710	-2.707	-2.469	0.208	2.707	-2.711	-2.700	-2.558	-2.722	-2.707	-1.059	1.443
29.17	-2.618	51.000	0.000	-2.627	2.628	-2.618	-2.393	0.108	2.633	-2.632	-2.621	-2.634	-2.621	-2.633	-1.138	1.364
29.86	-2.531	51.000	0.000	-2.536	2.541	-2.529	-2.371	0.007	2.550	-2.531	-2.542	-2.655	-2.520	-2.550	-1.239	1.285
30.56	-2.443	51.000	0.000	-2.441	2.454	-2.442	-2.418	-0.076	2.445	-2.460	-2.432	-2.609	-2.438	-2.445	-1.310	1.175
31.25	-2.356	51.000	0.000	-2.359	2.370	-2.356	-2.397	-0.154	2.356	-2.327	-2.366	-2.629	-2.359	-2.356	-1.443	1.110
31.94	-2.269	51.000	0.000	-2.274	2.283	-2.269	-2.220	-0.233	2.253	-2.282	-2.274	-2.807	-2.280	-2.253	-1.488	1.018
32.64	-2.182	51.000	0.000	-2.171	2.197	-2.183	-2.195	-0.333	2.166	-2.151	-2.171	-2.832	-2.180	-2.166	-1.619	0.915
33.33	-2.094	51.000	0.000	-2.095	2.110	-2.094	-2.127	-0.420	2.098	-2.039	-2.095	-2.900	-2.093	-2.098	-1.731	0.838
34.03	-2.007	51.000	0.000	-2.004	2.023	-2.005	-2.023	-0.486	1.997	-1.931	-2.011	-3.003	-2.027	-1.997	-1.839	0.754
34.72	-1.920	51.000	0.000	-1.913	1.937	-1.920	-1.888	-0.601	1.914	-1.996	-1.923	-3.139	-1.912	-1.914	-1.774	0.666
35.42	-1.833	51.000	0.000	-1.836	1.852	-1.833	-1.838	-0.672	1.830	1.312	-1.835	3.095	-1.842	-1.830	1.201	0.578
36.11	-1.745	51.000	0.000	-1.749	1.765	-1.745	-1.755	-0.750	1.743	-2.063	-1.737	3.012	-1.763	-1.743	-1.707	0.480
36.81	-1.658	51.000	0.000	-1.657	1.677	-1.656	-1.658	-0.874	1.657	-2.077	-1.656	2.915	-1.639	-1.657	-1.693	0.400
37.50	-1.571	51.000	0.000	-1.566	1.590	-1.571	-1.560	-0.953	1.566	-2.186	-1.576	2.817	-1.560	-1.566	-1.584	0.320
38.19	-1.484	51.000	0.000	-1.484	1.503	-1.482	-1.485	-1.080	1.499	-2.297	-1.484	2.741	-1.433	-1.499	-1.473	0.228
38.89	-1.396	51.000	0.000	-1.389	1.415	-1.395	-1.410	-1.059	1.397	-2.389	-1.382	2.667	-1.455	-1.397	-1.381	0.126
39.58	-1.309	51.000	0.000	-1.305	1.328	-1.307	-1.301	1.756	1.317	-2.471	-1.309	2.558	2.014	-1.317	-1.299	0.052
40.28	-1.222	51.000	0.000	-1.233	1.239	-1.222	-1.206	1.667	1.238	-2.541	-1.240	2.462	2.103	-1.238	-1.229	-0.017
40.97	-1.134	51.000	0.000	-1.119	1.152	-1.134	-1.120	1.771	1.143	-2.659	-1.117	2.377	1.999	-1.143	-1.111	-0.140
41.67	-1.047	51.000	0.000	-1.054	1.066	-1.045	-1.054	-1.106	1.049	-2.702	-1.047	2.310	-1.407	-1.049	-1.068	-0.209
42.36	-0.960	51.000	0.000	-0.968	0.976	-0.958	-0.968	-0.981	0.973	-2.817	-0.934	2.224	-1.532	-0.973	-0.953	-0.323
43.06	-0.873	51.000	0.000	-0.843	0.888	-0.871	-0.894	-0.836	0.886	-2.926	-0.751	2.151	-1.677	-0.886	-0.843	-0.505
43.75	-0.785	51.000	0.000	-0.769	0.798	-0.784	-0.775	-0.815	0.807	-3.006	-0.730	2.032	-1.698	-0.807	-0.764	-0.527
44.44	-0.698	51.000	0.000	-0.705	0.712	-0.696	-0.709	-0.701	0.713	-3.083	2.658	1.966	-1.812	-0.713	-0.687	2.369
45.14	-0.611	51.000	0.000	-0.607	0.620	-0.609	-0.601	-0.633	0.612	3.116	2.664	1.858	-1.880	-0.612	-0.603	2.362
45.83	-0.524	51.000	0.000	-0.536	0.536	-0.522	-0.535	-0.537	0.548	3.036	2.588	1.792	-1.976	-0.548	-0.522	2.438
46.53	-0.436	51.000	0.000	-0.442	0.447	-0.433	-0.425	-0.444	0.442	2.938	-0.792	1.682	-2.069	-0.442	-0.425	-0.465
47.22	-0.349	51.000	0.000	-0.347	0.356	-0.347	-0.344	-0.347	0.367	2.864	-0.954	1.600	-2.167	-0.367	-0.350	-0.302
47.92	-0.262	51.000	0.000	-0.266	0.267	-0.262	-0.247	-0.267	0.270	2.779	-1.031	1.503	-2.247	-0.270	-0.266	-0.225
48.61	-0.175	51.000	0.000	-0.178	0.180	-0.173	-0.170	-0.181	0.178	2.696	-1.095	1.427	-2.332	-0.178	-0.183	-0.161
49.31	-0.087	51.000	0.000	-0.083	0.086	-0.086	-0.087	-0.083	0.053	2.617	-1.204	1.344	-2.431	-0.053	-0.104	-0.053
50.00	0.000	51.000	0.000	0.014	0.040	0.002	0.011	-0.008	0.048	2.522	-1.271	1.246	-2.506	-0.048	-0.009	0.014
50.69	0.087	51.000	0.000	0.078	0.091	0.082	0.054	0.099	0.017	2.430	-1.335	1.202	-2.613	-0.017	0.084	0.078
51.39	0.175	51.000	0.000	0.169	0.178	0.173	0.185	0.162	0.169	2.333	-1.412	1.072	-2.675	-0.169	0.180	0.155
52.08	0.262	51.000	0.000	0.254	0.267	0.258	0.281	0.254	0.229	2.267	-1.524	0.976	-2.767	-0.229	0.246	0.267
52.78	0.349	51.000	0.000	0.353	0.360	0.349	0.337	0.353	0.364	2.178	-1.626	0.920	-2.867	-0.364	0.336	0.369
53.47	0.436	51.000	0.000	0.414	0.443	0.435	0.400	0.442	0.414	2.099	-1.698	0.856	-2.955	-0.414	0.414	0.442
54.17	0.524	51.000	0.000	0.530	0.534	0.522	-2.436	0.516	0.543	1.965	-1.773	-2.590	-3.029	-0.543	0.549	0.517
54.86	0.611	51.000	0.000	0.575	0.621	0.609	0.470	0.615	0.575	1.954	-1.871	0.786	-3.128	-0.575	0.559	0.614
55.56	0.698	51.000	0.000	0.698	0.710	0.702	-2.499	0.694	0.698	1.815	-1.954	-2.528	3.076	-0.698	0.698	0.697
56.25	0.785	51.000	0.000	0.791	0.798	0.787	0.391	0.787	0.791	1.708	-2.023	0.866	2.983	-0.791	0.805	0.766
56.94	0.873	51.000	0.000	0.880	0.888	0.873	0.364	0.880	0.860	1.680	-2.136	0.892	2.890	-0.860	0.833	0.880
57.64	0.960	51.000	0.000	0.954	0.976	0.960	0.309	0.961	0.949	1.548	-2.211	0.947	2.809	-0.949	0.965	0.954
58.33	1.047	51.000	0.000	1.045	1.065	1.045	0.212	1.055	1.031	1.535	-2.313	1.045	2.715	-1.031	0.979	1.057
59.03	1.134	51.000	0.000	1.131	1.154	1.136	0.125	1.126	1.142	1.388	-2.395	1.131	2.644	-1.142	1.125	1.139
59.72	1.222	51.000	0.000	1.221	1.241	1.223	0.036	1.237	1.218	-1.984	-2.479	1.221	2.533	-1.218	-1.786	1.222
60.42	1.309	51.000	0.000	1.315	1.328	1.309	-0.060	1.313	1.318	-1.962	-2.568	1.317	2.456	-1.318	-1.808	1.311
61.11	1.396	51.000	0.000	1.383	1.415	1.396	-0.133	1.375	1.413	1.376	-2.662	1.389	2.394	-1.413	1.137	1.405
61.81	1.484	51.000	0.000	1.475	1.503	1.487	-0.232	1.459	1.494	1.461	-2.731	1.488	2.311	-1.494	1.053	1.475
62.50	1.571	51.000	0.000	1.577	1.590	1.571	-0.329	1.577	1.577	1.586	-2.829	1.586	2.193	-1.577	0.927	1.572
63.19	1.658	51.000	0.000	1.654	1.677	1.658	-0.402	1.654	1.659	1.642	-2.906	1.658	2.116	-1.659	0.871	1.650
63.89	1.745	51.000	0.000	1.740	1.765	1.747	-0.493	1.718	1.752	1.727	-2.986	1.750	2.052	-1.752	0.787	1.730
64.58	1.833	51.000	0.000	1.835	1.854	1.833	-0.588	1.734	1.837	1.832	-3.062	1.845	2.036	-1.837	0.681	1.806
65.28	1.920	51.000	0.000	1.913	1.937	1.915	-0.656	1.790	1.907	1.929	3.113	1.913	1.980	-1.907	0.584	1.913
65.97	2.007	51.000	0.000	2.003	2.025	2.007	-0.747	1.747	2.024	1.972	3.034	2.003	2.022	-2.024	0.542	1.993
66.67	2.094	51.000	0.000	2.093	2.112	2.094	-0.834	1.619	2.108	2.092	2.933	2.091	2.151	-2.108	0.422	2.093
67.36	2.182	51.000	0.000	2.199	2.197	2.182	-0.908	1.571	2.175	2.201	2.770	2.165	2.199	-2.175	0.312	2.257
68.06	2.269	51.000	0.000	2.262	2.283	2.269	-1.003	1.468	2.283	2.258	2.764	2.259	2.302	-2.283	0.255	2.262
68.75	2.356	51.000	0.000	2.351	2.370	2.354	-1.095	1.426	2.354	2.350	2.650	2.351	2.344	-2.354	0.163	2.377
69.44	2.443	51.000	0.000	2.431	2.456	2.440	-1.172	1.313	2.445	2.431	2.627	2.429	2.457	-2.445	0.083	2.400
70.14	2.531	51.000	0.000	2.529	2.541	2.529	-1.261	1.239	2.527	2.540	-0.822	2.518	2.531	-2.527	-0.027	-0.434
70.83	2.618	51.000	0.000	2.618	2.628	2.618	-1.358	1.146	2.606	2.621	2.656	2.615	2.624	-2.606	-0.107	2.370
71.53	2.705	51.000	0.000	2.699	2.712	2.704	-1.438	1.071	2.703	2.687	2.730	2.695	2.699	-2.703	-0.174	2.296
72.22	2.793	51.000	0.000	2.788	2.801	2.794	-1.532	0.985	2.769	2.788	2.805	2.789	2.785	-2.769	-0.275	2.221
72.92	2.880	51.000	0.000	2.878	2.883	2.882	-1.619	0.889	2.835	2.878	2.911	2.875	2.880	-2.835	-0.365	2.116
73.61	2.967	51.000	0.000	2.972	2.972	2.965	-1.692	0.790	2.972	2.962	2.973	2.949	2.980	-2.972	-0.448	2.053
74.31	3.054	51.000	0.000	3.055	3.054	3.056	-1.799	0.715	0.152	3.038	3.059	3.055	3.055	-0.152	-0.525	1.968
75.00	3.142	51.000	0.000	-3.139	3.100	3.142	-1.899	0.646	2.995	3.138	-3.132	-3.127	3.124	-2.995	-0.625	1.876
75.69	-3.054	51.000	0.000	-3.060	3.058	-3.056	-1.969	0.556	2.953	-3.050	-3.063	-3.057	-3.069	-2.953	-0.719	1.806
76.39	-2.967	51.000	0.000	-2.967	2.967	-2.969	-2.014	0.453	2.928	-2.946	-3.012	-3.013	-2.967	-2.928	-0.824	1.756
77.08	-2.880	51.000	0.000	-2.875	2.883	-2.880	-2.165	0.369	2.875	-2.890	-2.862	-2.861	-2.882	-2.875	-0.880	1.605
77.78	-2.793	51.000	0.000	-2.784	2.801	-2.793	-2.204	0.270	2.776	-2.762	-2.814	-2.823	-2.784	-2.776	-1.008	1.558
78.47	-2.705	51.000	0.000	-2.730	2.716	-2.707	-2.291	0.184	2.735	-2.691	-2.730	-2.736	-2.698	-2.735	-1.079	1.473
79.17	-2.618	51.000	0.000	-2.612	2.627	-2.618	0.574	0.118	2.589	-2.612	-2.613	0.682	-2.631	-2.589	-1.158	1.356
79.86	-2.531	51.000	0.000	-2.524	2.541	-2.532	0.482	0.025	2.513	-2.501	-2.535	0.774	-2.538	-2.513	-1.269	1.279
80.56	-2.443	51.000	0.000	-2.443	2.456	-2.440	0.471	-0.037	2.419	-2.440	-2.445	0.786	-2.476	-2.419	-1.330	1.188
81.25	-2.356	51.000	0.000	-2.350	2.368	-2.356	-2.318	-0.168	2.370	-2.382	-2.350	-2.709	-2.345	-2.370	-1.388	1.094
81.94	-2.269	51.000	0.000	-2.273	2.283	-2.269	-2.313	-0.236	2.271	-2.273	-2.267	-2.714	-2.278	-2.271	-1.497	1.010
82.64	-2.182	51.000	0.000	-2.177	2.197	-2.182	-2.177	-0.328	2.176	-2.199	-2.176	-2.850	-2.185	-2.176	-1.571	0.920
83.33	-2.094	51.000	0.000	-2.094	2.110	-2.098	-2.131	-0.419	2.098	-2.058	-2.090	-2.895	-2.094	-2.098	-1.712	0.833
84.03	-2.007	51.000	0.000	-2.004	2.025	-2.009	-2.004	-0.519	2.022	-1.986	-2.016	-3.023	-1.994	-2.022	-1.784	0.760
84.72	-1.920	51.000	0.000	-1.919	1.939	-1.920	-1.921	-0.571	1.902	1.300	-1.917	-3.105	-1.942	-1.902	1.213	0.661
85.42	-1.833	51.000	0.000	-1.840	1.852	-1.833	-1.848	-0.650	1.814	1.384	-1.832	3.105	-1.863	-1.814	1.129	0.575
86.11	-1.745	51.000	0.000	-1.745	1.765	-1.747	-1.746	-0.772	1.744	-2.015	-1.742	3.003	-1.741	-1.744	-1.755	0.486
86.81	-1.658	51.000	0.000	-1.644	1.677	-1.660	-1.643	-0.869	1.669	-2.173	-1.660	2.899	-1.644	-1.669	-1.597	0.404
87.50	-1.571	51.000	0.000	-1.555	1.592	-1.571	-1.583	-0.875	1.555	-2.230	-1.554	2.840	-1.639	-1.555	-1.540	0.298
88.19	-1.484	51.000	0.000	-1.481	1.503	-1.482	-1.477	-1.030	1.485	-2.309	-1.481	2.734	-1.483	-1.485	-1.461	0.224
88.89	-1.396	51.000	0.000	-1.386	1.415	-1.398	-1.392	-1.186	1.400	-2.386	-1.388	2.648	-1.328	-1.400	-1.384	0.131
89.58	-1.309	51.000	0.000	-1.304	1.328	-1.309	-1.312	-1.147	1.304	-2.466	-1.299	2.569	-1.366	-1.304	-1.304	0.043
90.28	-1.222	51.000	0.000	-1.229	1.241	-1.223	-1.206	1.719	1.221	-2.533	-1.238	2.462	2.051	-1.221	-1.237	-0.018
90.97	-1.134	51.000	0.000	-1.113	1.152	-1.131	-1.141	-1.043	1.129	-2.657	-1.112	2.397	-1.470	-1.129	-1.113	-0.144
91.67	-1.047	51.000	0.000	-1.049	1.065	-1.047	-1.051	-1.049	1.054	-2.735	-1.028	2.308	-1.464	-1.054	-1.035	-0.228
92.36	-0.960	51.000	0.000	-0.959	0.976	-0.960	-0.937	-1.014	0.959	-2.817	-0.966	2.193	-1.499	-0.959	-0.953	-0.291
93.06	-0.873	51.000	0.000	-0.874	0.887	-0.873	-0.853	-0.914	0.876	-2.905	-0.874	2.110	-1.599	-0.876	-0.865	-0.382
93.75	-0.785	51.000	0.000	-0.789	0.798	-0.785	-0.771	-0.795	0.789	-2.995	-0.804	2.027	-1.718	-0.789	-0.775	-0.453
94.44	-0.698	51.000	0.000	-0.686	0.712	-0.698	-0.687	-0.719	0.713	-3.084	-0.679	1.943	-1.795	-0.713	-0.686	-0.578
95.14	-0.611	51.000	0.000	-0.615	0.625	-0.611	-0.617	-0.611	0.622	3.125	-0.690	1.874	-1.903	-0.622	-0.612	-0.567
95.83	-0.524	51.000	0.000	-0.521	0.534	-0.524	-0.544	-0.501	0.482	3.054	2.572	1.801	-2.012	-0.482	-0.541	2.455
96.53	-0.436	51.000	0.000	-0.439	0.445	-0.438	-0.433	-0.451	0.439	2.952	-0.799	1.689	-2.063	-0.439	-0.439	-0.458
97.22	-0.349	51.000	0.000	-0.337	0.353	-0.347	-0.357	-0.337	0.334	2.873	-0.936	1.614	-2.177	-0.334	-0.359	-0.320
97.92	-0.262	51.000	0.000	-0.259	0.267	-0.262	-0.269	-0.249	0.259	2.767	-0.982	1.526	-2.264	-0.259	-0.253	-0.274
98.61	-0.175	51.000	0.000	-0.170	0.180	-0.175	-0.178	-0.170	0.136	2.681	-1.055	1.435	-2.344	-0.136	-0.167	-0.201
99.31	-0.087	51.000	0.000	-0.087	0.091	-0.087	-0.105	-0.085	0.073	2.600	-1.147	1.362	-2.429	-0.073	-0.087	-0.110
100.00	0.000	51.000	0.000	-0.006	3.096	0.000	-0.011	0.004	0.048	2.515	-1.256	1.268	-2.517	-0.048	-0.002	-0.001
