percent	ang_W	r	phase	choose_angle	choose_angle_GN	delta_1_x_5	delta_2_x_1	delta_3_x_2	delta_4_x_3	delta_5_x_4	delta_5_x_1	delta_1_x_2	delta_2_x_3	delta_3_x_4	delta_4_x_5
0.00	0.000	51.000	0.000	0.010	NaN	0.014	-0.001	0.074	2.507	-1.263	1.243	-2.512	-0.074	0.006	0.006
0.69	0.087	51.000	0.000	0.093	NaN	0.121	0.079	3.020	2.442	-1.363	1.136	-2.592	-3.020	0.071	0.107
1.39	0.175	51.000	0.000	0.172	NaN	0.202	0.172	0.091	2.352	-1.445	1.054	-2.685	-0.091	0.162	0.188
2.08	0.262	51.000	0.000	0.268	NaN	0.302	0.254	0.268	2.273	-1.551	0.955	-2.767	-0.268	0.240	0.295
2.78	0.349	51.000	0.000	0.345	NaN	0.318	0.345	0.366	2.167	-1.601	0.939	-2.859	-0.366	0.346	0.344
3.47	0.436	51.000	0.000	0.441	1.733	0.405	0.437	0.470	2.070	-1.698	0.851	-2.951	-0.470	0.443	0.441
4.17	0.524	51.000	0.000	0.531	NaN	0.572	0.529	0.496	1.981	-1.769	0.685	-3.042	-0.496	0.533	0.512
4.86	0.611	51.000	0.000	0.610	NaN	-2.475	0.626	0.588	1.913	-1.877	-2.551	-3.139	-0.588	0.601	0.620
5.56	0.698	51.000	0.000	0.698	1.269	0.534	0.678	0.725	1.809	-1.948	0.722	3.092	-0.725	0.704	0.692
6.25	0.785	51.000	0.000	0.785	-1.005	0.517	0.785	0.786	1.732	-2.050	0.740	2.985	-0.786	0.781	0.794
6.94	0.873	51.000	0.000	0.873	NaN	0.384	0.863	0.878	1.678	-2.139	0.873	2.907	-0.878	0.835	0.883
7.64	0.960	51.000	0.000	0.958	NaN	0.349	0.951	0.972	1.556	-2.236	0.907	2.819	-0.972	0.958	0.979
8.33	1.047	51.000	0.000	1.049	NaN	0.207	1.049	1.040	1.508	-2.307	1.050	2.721	-1.040	1.005	1.050
9.03	1.134	51.000	0.000	1.125	NaN	0.132	1.145	1.116	1.425	-2.393	1.125	2.625	-1.116	1.088	1.136
9.72	1.222	51.000	0.000	1.214	1.197	0.037	1.214	1.205	1.410	-2.470	1.219	2.556	-1.205	1.104	1.213
10.42	1.309	51.000	0.000	1.305	NaN	-0.020	1.299	1.310	1.372	-2.589	1.276	2.470	-1.310	1.141	1.332
11.11	1.396	51.000	0.000	1.388	-0.857	-0.156	1.423	1.392	1.330	-2.641	1.412	2.347	-1.392	1.183	1.385
11.81	1.484	51.000	0.000	1.479	NaN	-0.216	1.479	1.477	1.488	-2.742	1.473	2.291	-1.477	1.025	1.485
12.50	1.571	51.000	0.000	1.581	-1.289	-0.327	1.538	1.581	1.583	-2.820	1.583	2.232	-1.581	0.930	1.563
13.19	1.658	51.000	0.000	1.655	-1.899	-0.398	1.664	1.664	1.620	-2.909	1.655	2.106	-1.664	0.893	1.652
13.89	1.745	51.000	0.000	1.749	-1.342	-0.482	1.744	1.740	1.756	-3.010	1.739	2.026	-1.740	0.758	1.754
14.58	1.833	51.000	0.000	1.826	2.199	-0.569	-1.074	1.798	1.843	-3.084	1.826	-1.440	-1.798	0.671	1.827
15.28	1.920	51.000	0.000	1.917	NaN	-0.688	-1.099	1.922	1.912	3.130	1.944	-1.414	-1.922	0.601	1.896
15.97	2.007	51.000	0.000	2.008	NaN	-0.751	1.728	2.012	1.988	3.048	2.008	2.042	-2.012	0.525	1.979
16.67	2.094	51.000	0.000	2.098	NaN	-0.841	1.721	2.108	2.081	2.913	2.098	2.049	-2.108	0.432	2.113
17.36	2.182	51.000	0.000	2.183	-0.914	-0.926	1.624	2.183	2.170	2.843	2.183	2.146	-2.183	0.344	2.183
18.06	2.269	51.000	0.000	2.258	NaN	-0.995	1.508	2.249	2.260	2.768	2.252	2.262	-2.249	0.253	2.258
18.75	2.356	51.000	0.000	2.354	NaN	-1.102	1.416	2.361	2.353	2.674	2.359	2.354	-2.361	0.160	2.352
19.44	2.443	51.000	0.000	2.462	2.029	-1.173	1.302	2.456	2.436	2.520	2.429	2.468	-2.456	0.077	2.506
20.14	2.531	51.000	0.000	2.530	3.012	-1.279	1.245	2.530	2.511	2.714	2.536	2.525	-2.530	0.002	2.313
20.83	2.618	51.000	0.000	2.616	NaN	-1.363	1.158	2.611	2.628	-0.716	2.620	2.612	-2.611	-0.115	-0.541
21.53	2.705	51.000	0.000	2.692	1.461	-1.424	1.049	2.710	2.703	2.639	2.680	2.721	-2.710	-0.190	2.388
22.22	2.793	51.000	0.000	2.800	NaN	-1.533	0.965	2.800	2.785	2.835	2.790	2.805	-2.800	-0.272	2.191
22.92	2.880	51.000	0.000	2.881	NaN	-1.636	0.894	2.858	2.881	2.909	2.892	2.876	-2.858	-0.368	2.118
23.61	2.967	51.000	0.000	2.964	NaN	-1.720	0.806	2.942	2.981	2.955	2.976	2.964	-2.942	-0.468	2.071
24.31	3.054	51.000	0.000	3.050	NaN	-1.773	0.711	2.980	3.059	3.041	3.030	3.059	-2.980	-0.545	1.986
25.00	3.142	51.000	0.000	-3.141	NaN	-1.890	0.631	3.088	-3.137	3.138	-3.137	3.139	-3.088	-0.633	1.888
25.69	-3.054	51.000	0.000	-3.050	-2.794	-1.981	0.539	0.157	-3.070	-3.047	-3.046	-3.052	-0.157	-0.700	1.790
26.39	-2.967	51.000	0.000	-2.977	NaN	-2.049	0.446	2.986	-2.978	-2.954	-2.977	-2.960	-2.986	-0.792	1.698
27.08	-2.880	51.000	0.000	-2.885	-0.748	-2.138	0.372	2.862	-2.871	-2.895	-2.889	-2.885	-2.862	-0.899	1.638
27.78	-2.793	51.000	0.000	-2.781	NaN	-2.204	0.267	2.774	-2.804	-2.770	-2.823	-2.781	-2.774	-0.966	1.513
28.47	-2.705	51.000	0.000	-2.722	-2.193	-2.249	0.183	2.726	-2.707	-2.722	-2.778	-2.696	-2.726	-1.063	1.466
29.17	-2.618	51.000	0.000	-2.617	-0.705	0.555	0.115	2.605	-2.626	-2.607	0.701	-2.628	-2.605	-1.143	1.350
29.86	-2.531	51.000	0.000	-2.525	NaN	0.590	0.019	2.517	-2.522	-2.528	0.666	-2.532	-2.517	-1.248	1.271
30.56	-2.443	51.000	0.000	-2.434	NaN	-2.400	-0.079	2.429	-2.434	-2.435	-2.627	-2.435	-2.429	-1.336	1.178
31.25	-2.356	51.000	0.000	-2.345	NaN	-2.277	-0.184	2.359	-2.366	-2.345	-2.749	-2.329	-2.359	-1.404	1.088
31.94	-2.269	51.000	0.000	-2.275	1.936	-2.285	-0.238	2.269	-2.301	-2.258	-2.741	-2.275	-2.269	-1.469	1.001
32.64	-2.182	51.000	0.000	-2.180	NaN	-2.173	-0.333	2.180	-2.206	-2.175	-2.854	-2.180	-2.180	-1.563	0.918
33.33	-2.094	51.000	0.000	-2.104	2.817	-2.104	-0.403	2.100	-2.146	-2.096	-2.922	-2.111	-2.100	-1.624	0.839
34.03	-2.007	51.000	0.000	-2.024	NaN	-2.040	-0.489	2.020	-2.128	-1.993	-2.987	-2.024	-2.020	-1.642	0.736
34.72	-1.920	51.000	0.000	-1.922	NaN	-1.947	-0.588	1.918	1.367	-1.914	-3.080	-1.926	-1.918	1.146	0.657
35.42	-1.833	51.000	0.000	-1.827	NaN	-1.823	-0.713	1.840	1.282	-1.830	3.080	-1.801	-1.840	1.231	0.574
36.11	-1.745	51.000	0.000	-1.755	NaN	-1.755	-0.755	1.738	-2.015	-1.738	3.012	-1.758	-1.738	-1.755	0.481
36.81	-1.658	51.000	0.000	-1.658	NaN	-1.666	-0.844	1.658	-2.143	-1.647	2.923	-1.669	-1.658	-1.627	0.390
37.50	-1.571	51.000	0.000	-1.564	NaN	-1.572	-0.950	1.582	-2.239	-1.564	2.829	-1.563	-1.582	-1.531	0.307
38.19	-1.484	51.000	0.000	-1.489	1.941	-1.493	-1.023	1.489	-2.307	-1.471	2.749	-1.491	-1.489	-1.462	0.215
38.89	-1.396	51.000	0.000	-1.361	NaN	-1.406	-1.175	1.409	-2.412	-1.365	2.662	-1.339	-1.409	-1.357	0.108
39.58	-1.309	51.000	0.000	-1.302	NaN	-1.313	-1.159	1.314	-2.489	-1.291	2.569	-1.354	-1.314	-1.281	0.034
40.28	-1.222	51.000	0.000	-1.209	-2.293	-1.227	1.749	1.237	-2.580	-1.183	2.484	2.021	-1.237	-1.190	-0.073
40.97	-1.134	51.000	0.000	-1.133	NaN	-1.133	-1.140	1.126	-2.630	-1.127	2.390	-1.374	-1.126	-1.140	-0.130
41.67	-1.047	51.000	0.000	-1.043	NaN	-1.045	-1.026	1.043	-2.727	-1.049	2.301	-1.488	-1.043	-1.043	-0.208
42.36	-0.960	51.000	0.000	-0.959	NaN	-0.959	-0.949	0.974	-2.819	-0.985	2.216	-1.565	-0.974	-0.951	-0.272
43.06	-0.873	51.000	0.000	-0.864	NaN	-0.864	-0.882	0.852	-2.895	-0.835	2.121	-1.631	-0.852	-0.875	-0.422
43.75	-0.785	51.000	0.000	-0.795	NaN	-0.778	-0.808	0.786	-2.975	-0.824	2.034	-1.705	-0.786	-0.795	-0.433
44.44	-0.698	51.000	0.000	-0.702	NaN	-0.678	-0.723	0.702	-3.069	-0.792	1.934	-1.790	-0.702	-0.701	-0.464
45.14	-0.611	51.000	0.000	-0.619	NaN	-0.614	-0.624	0.640	3.111	2.626	1.871	-1.889	-0.640	-0.598	2.401
45.83	-0.524	51.000	0.000	-0.527	1.892	-0.530	-0.520	0.520	3.042	-0.732	1.787	-1.994	-0.520	-0.529	-0.525
46.53	-0.436	51.000	0.000	-0.437	NaN	-0.439	-0.437	0.422	2.963	-0.838	1.696	-2.076	-0.422	-0.449	-0.418
47.22	-0.349	51.000	0.000	-0.357	-2.774	-0.357	-0.358	0.327	2.884	-0.912	1.613	-2.155	-0.327	-0.371	-0.345
47.92	-0.262	51.000	0.000	-0.260	NaN	-0.260	-0.271	0.224	2.792	-1.000	1.516	-2.242	-0.224	-0.279	-0.257
48.61	-0.175	51.000	0.000	-0.173	NaN	-0.193	-0.165	0.167	2.686	-1.064	1.450	-2.349	-0.167	-0.173	-0.193
49.31	-0.087	51.000	0.000	-0.089	NaN	-0.103	-0.076	3.065	2.613	-1.178	1.360	-2.437	-3.065	-0.100	-0.078
50.00	0.000	51.000	0.000	-0.001	NaN	0.002	-0.002	3.119	2.514	-1.256	1.255	-2.511	-3.119	-0.001	-0.001
50.69	0.087	51.000	0.000	0.074	NaN	0.127	0.073	0.074	2.410	-1.329	1.130	-2.586	-0.074	0.103	0.072
51.39	0.175	51.000	0.000	0.173	NaN	0.170	0.177	3.080	2.367	-1.444	1.087	-2.690	-3.080	0.146	0.187
52.08	0.262	51.000	0.000	0.272	NaN	0.272	0.247	0.302	2.266	-1.535	0.985	-2.761	-0.302	0.247	0.278
52.78	0.349	51.000	0.000	0.358	NaN	0.383	0.337	0.358	2.177	-1.617	0.874	-2.850	-0.358	0.337	0.361
53.47	0.436	51.000	0.000	0.438	1.255	0.473	0.431	0.434	2.084	-1.699	0.783	-2.944	-0.434	0.429	0.442
54.17	0.524	51.000	0.000	0.529	NaN	0.528	0.525	0.530	1.963	-1.767	0.729	-3.039	-0.530	0.550	0.510
54.86	0.611	51.000	0.000	0.616	-0.700	-2.414	0.618	0.608	1.890	-1.871	-2.612	-3.131	-0.608	0.623	0.614
55.56	0.698	51.000	0.000	0.695	NaN	-2.410	0.695	0.691	1.818	-1.956	-2.616	3.075	-0.691	0.696	0.700
56.25	0.785	51.000	0.000	0.782	NaN	0.435	0.792	0.775	1.737	-2.039	0.822	2.978	-0.775	0.776	0.782
56.94	0.873	51.000	0.000	0.865	NaN	0.464	0.872	0.863	1.649	-2.141	0.792	2.898	-0.863	0.865	0.884
57.64	0.960	51.000	0.000	0.945	1.679	0.317	0.945	0.961	1.569	-2.216	0.940	2.825	-0.961	0.944	0.959
58.33	1.047	51.000	0.000	1.057	NaN	0.175	1.074	1.040	-1.995	-2.275	1.081	2.696	-1.040	-1.775	1.018
59.03	1.134	51.000	0.000	1.137	NaN	0.120	1.140	1.136	1.315	-2.389	1.137	2.630	-1.136	1.198	1.133
59.72	1.222	51.000	0.000	1.225	-0.192	0.022	1.215	1.229	1.358	-2.478	1.235	2.555	-1.229	1.155	1.222
60.42	1.309	51.000	0.000	1.310	NaN	-0.038	1.326	1.294	1.420	-2.583	1.295	2.444	-1.294	1.093	1.326
61.11	1.396	51.000	0.000	1.402	NaN	-0.159	1.442	1.388	-1.967	-2.637	1.416	2.328	-1.388	-1.802	1.380
61.81	1.484	51.000	0.000	1.473	1.527	-0.216	1.456	1.488	1.462	-2.736	1.473	2.314	-1.488	1.052	1.480
62.50	1.571	51.000	0.000	1.570	NaN	-0.331	1.589	1.570	1.542	-2.806	1.588	2.181	-1.570	0.971	1.549
63.19	1.658	51.000	0.000	1.657	NaN	-0.406	1.633	1.657	1.669	-2.906	1.663	2.137	-1.657	0.844	1.650
63.89	1.745	51.000	0.000	1.748	NaN	-0.496	1.773	1.742	1.738	-2.988	1.753	1.997	-1.742	0.775	1.731
64.58	1.833	51.000	0.000	1.824	NaN	-0.563	1.686	1.829	1.827	-3.069	1.820	2.084	-1.829	0.686	1.813
65.28	1.920	51.000	0.000	1.919	NaN	-0.674	1.828	1.929	1.909	3.122	1.930	1.942	-1.929	0.605	1.904
65.97	2.007	51.000	0.000	2.000	NaN	-0.743	1.668	2.015	1.992	3.043	2.000	2.102	-2.015	0.521	1.984
66.67	2.094	51.000	0.000	2.081	NaN	-0.842	1.703	2.091	2.081	2.958	2.098	2.066	-2.091	0.432	2.068
67.36	2.182	51.000	0.000	2.191	NaN	-0.934	1.594	2.171	2.207	2.832	2.191	2.176	-2.171	0.306	2.195
68.06	2.269	51.000	0.000	2.270	NaN	-1.013	1.442	2.289	2.265	2.805	2.270	2.328	-2.289	0.248	2.222
68.75	2.356	51.000	0.000	2.356	NaN	-1.096	1.411	2.384	2.351	-0.718	2.353	2.359	-2.384	0.162	-0.539
69.44	2.443	51.000	0.000	2.452	NaN	-1.195	1.332	2.440	2.453	2.555	2.451	2.438	-2.440	0.061	2.472
70.14	2.531	51.000	0.000	2.521	NaN	-1.260	1.245	2.487	2.546	-0.728	2.517	2.525	-2.487	-0.033	-0.529
70.83	2.618	51.000	0.000	2.630	NaN	-1.355	1.117	2.637	2.624	2.645	2.612	2.653	-2.637	-0.111	2.381
71.53	2.705	51.000	0.000	2.699	NaN	-1.435	1.063	2.711	2.707	2.592	2.692	2.707	-2.711	-0.194	2.434
72.22	2.793	51.000	0.000	2.785	NaN	-1.517	0.964	2.808	2.785	2.785	2.774	2.806	-2.808	-0.272	2.241
72.92	2.880	51.000	0.000	2.893	NaN	-1.630	0.877	2.952	2.869	2.908	2.887	2.893	-2.952	-0.356	2.118
73.61	2.967	51.000	0.000	2.967	NaN	-1.721	0.806	2.967	2.973	2.965	2.978	2.964	-2.967	-0.460	2.061
74.31	3.054	51.000	0.000	3.043	NaN	-1.780	0.720	2.957	3.063	3.031	3.036	3.050	-2.957	-0.550	1.995
75.00	3.142	51.000	0.000	-3.140	NaN	-1.894	0.634	0.170	3.118	-3.128	-3.132	3.136	-0.170	-0.605	1.871
75.69	-3.054	51.000	0.000	-3.064	NaN	-1.941	0.530	3.034	-3.037	-3.084	-3.085	-3.043	-3.034	-0.733	1.828
76.39	-2.967	51.000	0.000	-2.963	NaN	-2.063	0.436	3.065	-2.956	-2.970	-2.963	-2.949	-3.065	-0.814	1.714
77.08	-2.880	51.000	0.000	-2.877	NaN	-2.179	0.372	2.877	-2.866	-2.886	-2.848	-2.885	-2.877	-0.904	1.630
77.78	-2.793	51.000	0.000	-2.805	-0.944	-2.193	0.268	2.805	-2.786	-2.805	-2.834	-2.781	-2.805	-0.983	1.548
78.47	-2.705	51.000	0.000	-2.706	-0.980	-2.320	0.185	2.731	-2.718	-2.699	-2.706	-2.698	-2.731	-1.052	1.442
79.17	-2.618	51.000	0.000	-2.616	-0.675	0.588	0.111	2.610	-2.606	-2.622	0.668	-2.624	-2.610	-1.164	1.366
79.86	-2.531	51.000	0.000	-2.527	NaN	-2.468	0.023	2.514	-2.523	-2.531	-2.559	-2.536	-2.514	-1.247	1.275
80.56	-2.443	51.000	0.000	-2.459	NaN	0.531	-0.063	2.468	-2.473	-2.442	0.726	-2.451	-2.468	-1.297	1.186
81.25	-2.356	51.000	0.000	-2.356	NaN	-2.316	-0.152	2.353	-2.376	-2.356	-2.710	-2.361	-2.353	-1.394	1.099
81.94	-2.269	51.000	0.000	-2.267	1.765	-2.255	-0.250	2.273	-2.279	-2.267	-2.771	-2.263	-2.273	-1.491	1.010
82.64	-2.182	51.000	0.000	-2.185	NaN	-2.203	-0.328	2.171	-2.094	-2.191	-2.824	-2.185	-2.171	-1.676	0.934
83.33	-2.094	51.000	0.000	-2.088	NaN	-2.127	-0.401	2.084	-2.084	-2.088	-2.900	-2.112	-2.084	-1.686	0.832
84.03	-2.007	51.000	0.000	-2.009	NaN	-2.014	-0.489	2.005	-1.887	-2.022	-3.013	-2.024	-2.005	-1.883	0.765
84.72	-1.920	51.000	0.000	-1.920	NaN	-1.899	-0.596	1.926	-2.054	-1.922	-3.128	-1.917	-1.926	-1.716	0.666
85.42	-1.833	51.000	0.000	-1.835	NaN	-1.826	-0.683	1.841	1.298	-1.846	3.083	-1.830	-1.841	1.216	0.589
86.11	-1.745	51.000	0.000	-1.751	NaN	-1.751	-0.763	1.737	-1.979	-1.740	3.008	-1.750	-1.737	-1.791	0.483
86.81	-1.658	51.000	0.000	-1.656	NaN	-1.678	-0.826	1.656	-2.148	-1.641	2.935	-1.688	-1.656	-1.622	0.385
87.50	-1.571	51.000	0.000	-1.579	NaN	-1.579	-0.929	1.555	-2.177	-1.556	2.836	-1.585	-1.555	-1.593	0.299
88.19	-1.484	51.000	0.000	-1.479	NaN	-1.504	-0.967	1.479	-2.334	-1.448	2.761	-1.546	-1.479	-1.436	0.192
88.89	-1.396	51.000	0.000	-1.395	NaN	-1.398	1.821	1.400	-2.377	-1.381	2.654	1.949	-1.400	-1.393	0.125
89.58	-1.309	51.000	0.000	-1.313	NaN	-1.333	-1.121	1.308	-2.452	-1.291	2.590	-1.392	-1.308	-1.318	0.035
90.28	-1.222	51.000	0.000	-1.235	NaN	-1.225	-1.224	1.224	-2.524	-1.245	2.482	-1.290	-1.224	-1.246	-0.011
90.97	-1.134	51.000	0.000	-1.138	NaN	-1.139	-1.094	1.128	-2.627	-1.138	2.395	-1.419	-1.128	-1.143	-0.119
91.67	-1.047	51.000	0.000	-1.047	3.127	-1.044	-1.150	1.057	-2.723	-1.036	2.301	-1.363	-1.057	-1.047	-0.220
92.36	-0.960	51.000	0.000	-0.958	NaN	-0.958	-0.976	0.953	-2.808	-0.938	2.214	-1.538	-0.953	-0.961	-0.319
93.06	-0.873	51.000	0.000	-0.879	NaN	-0.879	-0.920	0.895	-2.911	-0.787	2.136	-1.594	-0.895	-0.859	-0.469
93.75	-0.785	51.000	0.000	-0.794	NaN	-0.794	-0.768	0.775	-2.966	-0.835	2.051	-1.746	-0.775	-0.804	-0.422
94.44	-0.698	51.000	0.000	-0.692	-3.037	-0.700	-0.693	0.688	-3.079	2.658	1.957	-1.820	-0.688	-0.691	2.369
95.14	-0.611	51.000	0.000	-0.622	NaN	-0.622	-0.633	0.621	3.126	2.694	1.879	-1.880	-0.621	-0.613	2.332
95.83	-0.524	51.000	0.000	-0.531	NaN	-0.527	-0.536	0.542	3.031	2.583	1.784	-1.978	-0.542	-0.518	2.444
96.53	-0.436	51.000	0.000	-0.428	NaN	-0.435	-0.428	0.427	2.954	-0.859	1.691	-2.086	-0.427	-0.441	-0.398
97.22	-0.349	51.000	0.000	-0.343	-1.657	-0.355	-0.336	0.367	2.852	-0.913	1.612	-2.178	-0.367	-0.339	-0.343
97.92	-0.262	51.000	0.000	-0.256	NaN	-0.242	-0.287	0.337	2.769	-1.022	1.499	-2.226	-0.337	-0.256	-0.234
98.61	-0.175	51.000	0.000	-0.153	NaN	-0.153	-0.180	0.070	2.713	-1.130	1.410	-2.333	-0.070	-0.200	-0.126
99.31	-0.087	51.000	0.000	-0.086	NaN	-0.088	-0.086	0.057	2.610	-1.184	1.345	-2.427	-0.057	-0.097	-0.073
100.00	0.000	51.000	0.000	-0.015	NaN	-0.028	0.003	3.016	2.528	-1.243	1.284	-2.516	-3.016	-0.015	-0.014
