percent	ang_W	r	phase	choose_angle_GEOMETRIC	choose_angle_MSC_ULA	choose_angle_MSC_UCA	delta_1_x_5	delta_2_x_1	delta_3_x_2	delta_4_x_3	delta_5_x_4	delta_5_x_1	delta_1_x_2	delta_2_x_3	delta_3_x_4	delta_4_x_5
0.00	0.000	51.000	0.000	0.005	3.142	0.000	0.005	-0.002	0.007	2.515	-1.262	1.251	-2.511	-0.007	-0.002	0.005
0.69	0.087	51.000	0.000	0.086	0.089	0.087	0.093	0.086	0.081	2.429	-1.349	1.164	-2.599	-0.081	0.085	0.092
1.39	0.175	51.000	0.000	0.174	0.178	0.175	0.181	0.174	0.168	2.342	-1.436	1.076	-2.687	-0.168	0.171	0.179
2.08	0.262	51.000	0.000	0.261	0.267	0.262	0.268	0.261	0.255	2.255	-1.523	0.989	-2.775	-0.255	0.258	0.266
2.78	0.349	51.000	0.000	0.349	0.356	0.349	0.356	0.349	0.343	2.168	-1.609	0.901	-2.863	-0.343	0.345	0.353
3.47	0.436	51.000	0.000	0.437	0.445	0.436	0.443	0.437	0.430	2.082	-1.696	0.814	-2.950	-0.430	0.432	0.440
4.17	0.524	51.000	0.000	0.526	0.534	0.524	0.530	0.525	0.518	1.995	-1.783	0.726	-3.038	-0.518	0.519	0.526
4.86	0.611	51.000	0.000	0.613	0.623	0.611	0.618	0.613	0.605	1.908	-1.870	0.639	-3.126	-0.605	0.605	0.613
5.56	0.698	51.000	0.000	0.696	0.710	0.698	0.552	0.701	0.693	1.821	-1.956	0.705	3.069	-0.693	0.692	0.700
6.25	0.785	51.000	0.000	0.786	0.799	0.785	0.465	0.788	0.781	1.734	-2.043	0.792	2.981	-0.781	0.779	0.786
6.94	0.873	51.000	0.000	0.873	0.888	0.873	0.377	0.876	0.868	1.647	-2.130	0.879	2.894	-0.868	0.866	0.873
7.64	0.960	51.000	0.000	0.960	0.976	0.960	0.290	0.964	0.956	1.560	-2.216	0.966	2.806	-0.956	0.953	0.960
8.33	1.047	51.000	0.000	1.046	1.065	1.047	0.203	1.052	1.044	1.473	-2.303	1.053	2.718	-1.044	1.041	1.046
9.03	1.134	51.000	0.000	1.133	1.152	1.134	0.116	1.139	1.132	1.386	-2.390	1.140	2.630	-1.132	1.128	1.133
9.72	1.222	51.000	0.000	1.223	1.241	1.222	0.029	1.227	1.219	1.298	-2.477	1.227	2.543	-1.219	1.215	1.220
10.42	1.309	51.000	0.000	1.307	1.328	1.309	-0.058	1.315	1.307	1.302	-2.563	1.314	2.455	-1.307	1.211	1.307
11.11	1.396	51.000	0.000	1.394	1.415	1.396	-0.144	1.402	1.395	1.390	-2.650	1.401	2.368	-1.395	1.124	1.393
11.81	1.484	51.000	0.000	1.483	1.503	1.484	-0.231	1.490	1.483	1.477	-2.737	1.488	2.280	-1.483	1.036	1.480
12.50	1.571	51.000	0.000	1.571	1.590	1.571	-0.318	1.577	1.571	1.564	-2.823	1.575	2.193	-1.571	0.949	1.567
13.19	1.658	51.000	0.000	1.659	1.677	1.658	-0.405	1.665	1.659	1.652	-2.910	1.662	2.105	-1.659	0.861	1.654
13.89	1.745	51.000	0.000	1.747	1.765	1.745	-0.492	1.752	1.747	1.739	-2.997	1.748	2.018	-1.747	0.774	1.740
14.58	1.833	51.000	0.000	1.835	1.852	1.833	-0.578	1.839	1.834	1.827	-3.084	1.835	1.931	-1.834	0.686	1.827
15.28	1.920	51.000	0.000	1.918	1.937	1.920	-0.665	1.843	1.922	1.915	3.112	1.922	1.927	-1.922	0.599	1.914
15.97	2.007	51.000	0.000	2.008	2.025	2.007	-0.752	1.756	2.010	2.002	3.025	2.008	2.014	-2.010	0.511	2.001
16.67	2.094	51.000	0.000	2.095	2.112	2.094	-0.838	1.669	2.098	2.090	2.938	2.095	2.101	-2.098	0.423	2.088
17.36	2.182	51.000	0.000	2.182	2.197	2.182	-0.925	1.582	2.186	2.178	2.851	2.182	2.188	-2.186	0.336	2.175
18.06	2.269	51.000	0.000	2.268	2.283	2.269	-1.012	1.495	2.273	2.265	2.764	2.268	2.275	-2.273	0.248	2.262
18.75	2.356	51.000	0.000	2.355	2.370	2.356	-1.099	1.408	2.361	2.353	2.677	2.355	2.362	-2.361	0.160	2.350
19.44	2.443	51.000	0.000	2.445	2.456	2.443	-1.185	1.321	2.449	2.441	2.590	2.442	2.449	-2.449	0.072	2.437
20.14	2.531	51.000	0.000	2.529	2.541	2.531	-1.272	1.234	2.536	2.529	2.524	2.529	2.536	-2.536	-0.015	2.503
20.83	2.618	51.000	0.000	2.616	2.627	2.618	-1.359	1.147	2.624	2.617	2.611	2.615	2.623	-2.624	-0.103	2.415
21.53	2.705	51.000	0.000	2.704	2.714	2.705	-1.445	1.060	2.711	2.704	2.699	2.702	2.710	-2.711	-0.191	2.328
22.22	2.793	51.000	0.000	2.792	2.800	2.793	-1.532	0.973	2.799	2.792	2.786	2.789	2.797	-2.799	-0.279	2.241
22.92	2.880	51.000	0.000	2.880	2.885	2.880	-1.619	0.886	2.886	2.880	2.873	2.876	2.883	-2.886	-0.367	2.153
23.61	2.967	51.000	0.000	2.968	2.971	2.967	-1.706	0.800	2.974	2.968	2.961	2.962	2.970	-2.974	-0.455	2.066
24.31	3.054	51.000	0.000	3.056	3.056	3.054	-1.793	0.713	3.061	3.056	3.049	3.049	3.057	-3.061	-0.543	1.978
25.00	3.142	51.000	0.000	3.140	0.000	3.142	-1.880	0.626	3.135	-3.139	3.136	3.136	-3.140	-3.135	-0.630	1.890
25.69	-3.054	51.000	0.000	-3.056	3.056	-3.054	-1.966	0.540	3.048	-3.052	-3.059	-3.060	-3.053	-3.048	-0.718	1.803
26.39	-2.967	51.000	0.000	-2.966	2.971	-2.967	-2.053	0.453	2.960	-2.964	-2.972	-2.973	-2.966	-2.960	-0.806	1.715
27.08	-2.880	51.000	0.000	-2.879	2.885	-2.880	-2.140	0.366	2.873	-2.876	-2.884	-2.886	-2.879	-2.873	-0.894	1.627
27.78	-2.793	51.000	0.000	-2.793	2.800	-2.793	-2.228	0.279	2.786	-2.788	-2.796	-2.799	-2.793	-2.786	-0.982	1.540
28.47	-2.705	51.000	0.000	-2.706	2.714	-2.705	-2.315	0.193	2.699	-2.701	-2.709	-2.712	-2.706	-2.699	-1.069	1.452
29.17	-2.618	51.000	0.000	-2.616	2.627	-2.618	-2.402	0.106	2.612	-2.613	-2.621	-2.625	-2.619	-2.612	-1.157	1.364
29.86	-2.531	51.000	0.000	-2.529	2.541	-2.531	-2.489	0.019	2.525	-2.525	-2.533	-2.537	-2.533	-2.525	-1.245	1.276
30.56	-2.443	51.000	0.000	-2.446	2.456	-2.443	-2.450	-0.067	2.438	-2.438	-2.445	-2.576	-2.446	-2.438	-1.332	1.188
31.25	-2.356	51.000	0.000	-2.357	2.370	-2.356	-2.363	-0.154	2.351	-2.350	-2.357	-2.664	-2.359	-2.351	-1.420	1.101
31.94	-2.269	51.000	0.000	-2.269	2.283	-2.269	-2.275	-0.241	2.265	-2.263	-2.269	-2.751	-2.272	-2.265	-1.507	1.013
32.64	-2.182	51.000	0.000	-2.182	2.197	-2.182	-2.188	-0.328	2.178	-2.175	-2.182	-2.838	-2.186	-2.178	-1.595	0.925
33.33	-2.094	51.000	0.000	-2.094	2.112	-2.094	-2.101	-0.414	2.091	-2.088	-2.094	-2.926	-2.099	-2.091	-1.682	0.837
34.03	-2.007	51.000	0.000	-2.006	2.025	-2.007	-2.013	-0.501	2.004	-2.000	-2.006	-3.014	-2.012	-2.004	-1.769	0.749
34.72	-1.920	51.000	0.000	-1.918	1.937	-1.920	-1.925	-0.588	1.918	-1.913	-1.918	-3.101	-1.925	-1.918	-1.857	0.661
35.42	-1.833	51.000	0.000	-1.834	1.852	-1.833	-1.838	-0.675	1.831	-1.944	-1.830	3.094	-1.838	-1.831	-1.826	0.574
36.11	-1.745	51.000	0.000	-1.747	1.765	-1.745	-1.750	-0.762	1.744	-2.031	-1.742	3.007	-1.751	-1.744	-1.739	0.486
36.81	-1.658	51.000	0.000	-1.657	1.677	-1.658	-1.663	-0.849	1.657	-2.118	-1.655	2.919	-1.664	-1.657	-1.651	0.398
37.50	-1.571	51.000	0.000	-1.571	1.590	-1.571	-1.575	-0.936	1.571	-2.206	-1.567	2.831	-1.577	-1.571	-1.564	0.310
38.19	-1.484	51.000	0.000	-1.484	1.503	-1.484	-1.487	-1.023	1.484	-2.293	-1.479	2.744	-1.490	-1.484	-1.477	0.222
38.89	-1.396	51.000	0.000	-1.394	1.415	-1.396	-1.399	-1.110	1.397	-2.380	-1.391	2.656	-1.403	-1.397	-1.390	0.135
39.58	-1.309	51.000	0.000	-1.307	1.328	-1.309	-1.311	-1.198	1.311	-2.467	-1.304	2.568	-1.316	-1.311	-1.303	0.047
40.28	-1.222	51.000	0.000	-1.224	1.241	-1.222	-1.224	-1.228	1.224	-2.553	-1.216	2.480	-1.285	-1.224	-1.216	-0.041
40.97	-1.134	51.000	0.000	-1.136	1.152	-1.134	-1.136	-1.141	1.137	-2.640	-1.129	2.392	-1.372	-1.137	-1.130	-0.128
41.67	-1.047	51.000	0.000	-1.048	1.065	-1.047	-1.048	-1.054	1.051	-2.727	-1.041	2.305	-1.459	-1.051	-1.043	-0.216
42.36	-0.960	51.000	0.000	-0.960	0.976	-0.960	-0.960	-0.966	0.964	-2.814	-0.954	2.217	-1.547	-0.964	-0.956	-0.303
43.06	-0.873	51.000	0.000	-0.872	0.888	-0.873	-0.872	-0.879	0.877	-2.901	-0.866	2.129	-1.634	-0.877	-0.869	-0.391
43.75	-0.785	51.000	0.000	-0.784	0.799	-0.785	-0.784	-0.791	0.790	-2.988	-0.779	2.041	-1.722	-0.790	-0.782	-0.478
44.44	-0.698	51.000	0.000	-0.696	0.710	-0.698	-0.696	-0.704	0.703	-3.074	-0.691	1.953	-1.809	-0.703	-0.696	-0.565
45.14	-0.611	51.000	0.000	-0.613	0.623	-0.611	-0.609	-0.616	0.616	3.122	-0.653	1.865	-1.897	-0.616	-0.609	-0.604
45.83	-0.524	51.000	0.000	-0.525	0.534	-0.524	-0.521	-0.529	0.529	3.035	-0.740	1.777	-1.985	-0.529	-0.522	-0.517
46.53	-0.436	51.000	0.000	-0.436	0.445	-0.436	-0.433	-0.441	0.442	2.949	-0.827	1.690	-2.072	-0.442	-0.436	-0.430
47.22	-0.349	51.000	0.000	-0.349	0.356	-0.349	-0.345	-0.353	0.355	2.862	-0.914	1.602	-2.160	-0.355	-0.349	-0.343
47.92	-0.262	51.000	0.000	-0.262	0.267	-0.262	-0.258	-0.265	0.268	2.775	-1.001	1.514	-2.248	-0.268	-0.262	-0.256
48.61	-0.175	51.000	0.000	-0.175	0.178	-0.175	-0.170	-0.178	0.181	2.689	-1.088	1.426	-2.336	-0.181	-0.175	-0.168
49.31	-0.087	51.000	0.000	-0.089	0.089	-0.087	-0.082	-0.090	0.094	2.602	-1.175	1.339	-2.423	-0.094	-0.089	-0.081
50.00	0.000	51.000	0.000	0.005	3.142	0.000	0.005	-0.002	0.007	2.515	-1.262	1.251	-2.511	-0.007	-0.002	0.005
50.69	0.087	51.000	0.000	0.086	0.089	0.087	0.093	0.086	0.081	2.429	-1.349	1.164	-2.599	-0.081	0.085	0.092
51.39	0.175	51.000	0.000	0.174	0.178	0.175	0.181	0.174	0.168	2.342	-1.436	1.076	-2.687	-0.168	0.171	0.179
52.08	0.262	51.000	0.000	0.261	0.267	0.262	0.268	0.261	0.255	2.255	-1.523	0.989	-2.775	-0.255	0.258	0.266
52.78	0.349	51.000	0.000	0.349	0.356	0.349	0.356	0.349	0.343	2.168	-1.609	0.901	-2.863	-0.343	0.345	0.353
53.47	0.436	51.000	0.000	0.437	0.445	0.436	0.443	0.437	0.430	2.082	-1.696	0.814	-2.950	-0.430	0.432	0.440
54.17	0.524	51.000	0.000	0.526	0.534	0.524	0.530	0.525	0.518	1.995	-1.783	0.726	-3.038	-0.518	0.519	0.526
54.86	0.611	51.000	0.000	0.613	0.623	0.611	0.618	0.613	0.605	1.908	-1.870	0.639	-3.126	-0.605	0.605	0.613
55.56	0.698	51.000	0.000	0.696	0.710	0.698	0.552	0.701	0.693	1.821	-1.956	0.705	3.069	-0.693	0.692	0.700
56.25	0.785	51.000	0.000	0.786	0.799	0.785	0.465	0.788	0.781	1.734	-2.043	0.792	2.981	-0.781	0.779	0.786
56.94	0.873	51.000	0.000	0.873	0.888	0.873	0.377	0.876	0.868	1.647	-2.130	0.879	2.894	-0.868	0.866	0.873
57.64	0.960	51.000	0.000	0.960	0.976	0.960	0.290	0.964	0.956	1.560	-2.216	0.966	2.806	-0.956	0.953	0.960
58.33	1.047	51.000	0.000	1.046	1.065	1.047	0.203	1.052	1.044	1.473	-2.303	1.053	2.718	-1.044	1.041	1.046
59.03	1.134	51.000	0.000	1.133	1.152	1.134	0.116	1.139	1.132	1.386	-2.390	1.140	2.630	-1.132	1.128	1.133
59.72	1.222	51.000	0.000	1.223	1.241	1.222	0.029	1.227	1.219	1.298	-2.477	1.227	2.543	-1.219	1.215	1.220
60.42	1.309	51.000	0.000	1.307	1.328	1.309	-0.058	1.315	1.307	1.302	-2.563	1.314	2.455	-1.307	1.211	1.307
61.11	1.396	51.000	0.000	1.394	1.415	1.396	-0.144	1.402	1.395	1.390	-2.650	1.401	2.368	-1.395	1.124	1.393
61.81	1.484	51.000	0.000	1.483	1.503	1.484	-0.231	1.490	1.483	1.477	-2.737	1.488	2.280	-1.483	1.036	1.480
62.50	1.571	51.000	0.000	1.571	1.590	1.571	-0.318	1.577	1.571	1.564	-2.823	1.575	2.193	-1.571	0.949	1.567
63.19	1.658	51.000	0.000	1.659	1.677	1.658	-0.405	1.665	1.659	1.652	-2.910	1.662	2.105	-1.659	0.861	1.654
63.89	1.745	51.000	0.000	1.747	1.765	1.745	-0.492	1.752	1.747	1.739	-2.997	1.748	2.018	-1.747	0.774	1.740
64.58	1.833	51.000	0.000	1.835	1.852	1.833	-0.578	1.839	1.834	1.827	-3.084	1.835	1.931	-1.834	0.686	1.827
65.28	1.920	51.000	0.000	1.918	1.937	1.920	-0.665	1.843	1.922	1.915	3.112	1.922	1.927	-1.922	0.599	1.914
65.97	2.007	51.000	0.000	2.008	2.025	2.007	-0.752	1.756	2.010	2.002	3.025	2.008	2.014	-2.010	0.511	2.001
66.67	2.094	51.000	0.000	2.095	2.112	2.094	-0.838	1.669	2.098	2.090	2.938	2.095	2.101	-2.098	0.423	2.088
67.36	2.182	51.000	0.000	2.182	2.197	2.182	-0.925	1.582	2.186	2.178	2.851	2.182	2.188	-2.186	0.336	2.175
68.06	2.269	51.000	0.000	2.268	2.283	2.269	-1.012	1.495	2.273	2.265	2.764	2.268	2.275	-2.273	0.248	2.262
68.75	2.356	51.000	0.000	2.355	2.370	2.356	-1.099	1.408	2.361	2.353	2.677	2.355	2.362	-2.361	0.160	2.350
69.44	2.443	51.000	0.000	2.445	2.456	2.443	-1.185	1.321	2.449	2.441	2.590	2.442	2.449	-2.449	0.072	2.437
70.14	2.531	51.000	0.000	2.529	2.541	2.531	-1.272	1.234	2.536	2.529	2.524	2.529	2.536	-2.536	-0.015	2.503
70.83	2.618	51.000	0.000	2.616	2.627	2.618	-1.359	1.147	2.624	2.617	2.611	2.615	2.623	-2.624	-0.103	2.415
71.53	2.705	51.000	0.000	2.704	2.714	2.705	-1.445	1.060	2.711	2.704	2.699	2.702	2.710	-2.711	-0.191	2.328
72.22	2.793	51.000	0.000	2.792	2.800	2.793	-1.532	0.973	2.799	2.792	2.786	2.789	2.797	-2.799	-0.279	2.241
72.92	2.880	51.000	0.000	2.880	2.885	2.880	-1.619	0.886	2.886	2.880	2.873	2.876	2.883	-2.886	-0.367	2.153
73.61	2.967	51.000	0.000	2.968	2.971	2.967	-1.706	0.800	2.974	2.968	2.961	2.962	2.970	-2.974	-0.455	2.066
74.31	3.054	51.000	0.000	3.056	3.056	3.054	-1.793	0.713	3.061	3.056	3.049	3.049	3.057	-3.061	-0.543	1.978
75.00	3.142	51.000	0.000	3.140	0.000	3.142	-1.880	0.626	3.135	-3.139	3.136	3.136	-3.140	-3.135	-0.630	1.890
75.69	-3.054	51.000	0.000	-3.056	3.056	-3.054	-1.966	0.540	3.048	-3.052	-3.059	-3.060	-3.053	-3.048	-0.718	1.803
76.39	-2.967	51.000	0.000	-2.966	2.971	-2.967	-2.053	0.453	2.960	-2.964	-2.972	-2.973	-2.966	-2.960	-0.806	1.715
77.08	-2.880	51.000	0.000	-2.879	2.885	-2.880	-2.140	0.366	2.873	-2.876	-2.884	-2.886	-2.879	-2.873	-0.894	1.627
77.78	-2.793	51.000	0.000	-2.793	2.800	-2.793	-2.228	0.279	2.786	-2.788	-2.796	-2.799	-2.793	-2.786	-0.982	1.540
78.47	-2.705	51.000	0.000	-2.706	2.714	-2.705	-2.315	0.193	2.699	-2.701	-2.709	-2.712	-2.706	-2.699	-1.069	1.452
79.17	-2.618	51.000	0.000	-2.616	2.627	-2.618	-2.402	0.106	2.612	-2.613	-2.621	-2.625	-2.619	-2.612	-1.157	1.364
79.86	-2.531	51.000	0.000	-2.529	2.541	-2.531	-2.489	0.019	2.525	-2.525	-2.533	-2.537	-2.533	-2.525	-1.245	1.276
80.56	-2.443	51.000	0.000	-2.446	2.456	-2.443	-2.450	-0.067	2.438	-2.438	-2.445	-2.576	-2.446	-2.438	-1.332	1.188
81.25	-2.356	51.000	0.000	-2.357	2.370	-2.356	-2.363	-0.154	2.351	-2.350	-2.357	-2.664	-2.359	-2.351	-1.420	1.101
81.94	-2.269	51.000	0.000	-2.269	2.283	-2.269	-2.275	-0.241	2.265	-2.263	-2.269	-2.751	-2.272	-2.265	-1.507	1.013
82.64	-2.182	51.000	0.000	-2.182	2.197	-2.182	-2.188	-0.328	2.178	-2.175	-2.182	-2.838	-2.186	-2.178	-1.595	0.925
83.33	-2.094	51.000	0.000	-2.094	2.112	-2.094	-2.101	-0.414	2.091	-2.088	-2.094	-2.926	-2.099	-2.091	-1.682	0.837
84.03	-2.007	51.000	0.000	-2.006	2.025	-2.007	-2.013	-0.501	2.004	-2.000	-2.006	-3.014	-2.012	-2.004	-1.769	0.749
84.72	-1.920	51.000	0.000	-1.918	1.937	-1.920	-1.925	-0.588	1.918	-1.913	-1.918	-3.101	-1.925	-1.918	-1.857	0.661
85.42	-1.833	51.000	0.000	-1.834	1.852	-1.833	-1.838	-0.675	1.831	-1.944	-1.830	3.094	-1.838	-1.831	-1.826	0.574
86.11	-1.745	51.000	0.000	-1.747	1.765	-1.745	-1.750	-0.762	1.744	-2.031	-1.742	3.007	-1.751	-1.744	-1.739	0.486
86.81	-1.658	51.000	0.000	-1.657	1.677	-1.658	-1.663	-0.849	1.657	-2.118	-1.655	2.919	-1.664	-1.657	-1.651	0.398
87.50	-1.571	51.000	0.000	-1.571	1.590	-1.571	-1.575	-0.936	1.571	-2.206	-1.567	2.831	-1.577	-1.571	-1.564	0.310
88.19	-1.484	51.000	0.000	-1.484	1.503	-1.484	-1.487	-1.023	1.484	-2.293	-1.479	2.744	-1.490	-1.484	-1.477	0.222
88.89	-1.396	51.000	0.000	-1.394	1.415	-1.396	-1.399	-1.110	1.397	-2.380	-1.391	2.656	-1.403	-1.397	-1.390	0.135
89.58	-1.309	51.000	0.000	-1.307	1.328	-1.309	-1.311	-1.198	1.311	-2.467	-1.304	2.568	-1.316	-1.311	-1.303	0.047
90.28	-1.222	51.000	0.000	-1.224	1.241	-1.222	-1.224	-1.228	1.224	-2.553	-1.216	2.480	-1.285	-1.224	-1.216	-0.041
90.97	-1.134	51.000	0.000	-1.136	1.152	-1.134	-1.136	-1.141	1.137	-2.640	-1.129	2.392	-1.372	-1.137	-1.130	-0.128
91.67	-1.047	51.000	0.000	-1.048	1.065	-1.047	-1.048	-1.054	1.051	-2.727	-1.041	2.305	-1.459	-1.051	-1.043	-0.216
92.36	-0.960	51.000	0.000	-0.960	0.976	-0.960	-0.960	-0.966	0.964	-2.814	-0.954	2.217	-1.547	-0.964	-0.956	-0.303
93.06	-0.873	51.000	0.000	-0.872	0.888	-0.873	-0.872	-0.879	0.877	-2.901	-0.866	2.129	-1.634	-0.877	-0.869	-0.391
93.75	-0.785	51.000	0.000	-0.784	0.799	-0.785	-0.784	-0.791	0.790	-2.988	-0.779	2.041	-1.722	-0.790	-0.782	-0.478
94.44	-0.698	51.000	0.000	-0.696	0.710	-0.698	-0.696	-0.704	0.703	-3.074	-0.691	1.953	-1.809	-0.703	-0.696	-0.565
95.14	-0.611	51.000	0.000	-0.613	0.623	-0.611	-0.609	-0.616	0.616	3.122	-0.653	1.865	-1.897	-0.616	-0.609	-0.604
95.83	-0.524	51.000	0.000	-0.525	0.534	-0.524	-0.521	-0.529	0.529	3.035	-0.740	1.777	-1.985	-0.529	-0.522	-0.517
96.53	-0.436	51.000	0.000	-0.436	0.445	-0.436	-0.433	-0.441	0.442	2.949	-0.827	1.690	-2.072	-0.442	-0.436	-0.430
97.22	-0.349	51.000	0.000	-0.349	0.356	-0.349	-0.345	-0.353	0.355	2.862	-0.914	1.602	-2.160	-0.355	-0.349	-0.343
97.92	-0.262	51.000	0.000	-0.262	0.267	-0.262	-0.258	-0.265	0.268	2.775	-1.001	1.514	-2.248	-0.268	-0.262	-0.256
98.61	-0.175	51.000	0.000	-0.175	0.178	-0.175	-0.170	-0.178	0.181	2.689	-1.088	1.426	-2.336	-0.181	-0.175	-0.168
99.31	-0.087	51.000	0.000	-0.089	0.089	-0.087	-0.082	-0.090	0.094	2.602	-1.175	1.339	-2.423	-0.094	-0.089	-0.081
100.00	0.000	51.000	0.000	0.005	3.142	0.000	0.005	-0.002	0.007	2.515	-1.262	1.251	-2.511	-0.007	-0.002	0.005
