percent	ang_W	r	phase	choose_angle_GEOMETRIC	choose_angle_MSC_ULA	choose_angle_MSC_UCA	delta_1_x_7	delta_2_x_1	delta_3_x_2	delta_4_x_3	delta_5_x_4	delta_6_x_5	delta_7_x_6	delta_7_x_1	delta_1_x_2	delta_2_x_3	delta_3_x_4	delta_4_x_5	delta_5_x_6	delta_6_x_7
0.00	0.000	51.000	0.000	0.017	3.136	0.000	0.010	-0.004	-0.003	0.115	1.791	-2.684	-0.922	0.887	2.696	-1.792	-0.115	0.004	-0.009	0.024
0.69	0.087	51.000	0.000	0.092	0.093	0.087	0.099	0.092	0.078	0.110	1.715	-2.782	-0.997	0.798	2.601	-1.873	-0.110	0.081	0.089	0.099
1.39	0.175	51.000	0.000	0.177	0.180	0.176	0.207	0.177	0.168	0.158	1.632	-2.872	-1.079	0.691	2.516	-1.963	-0.158	0.163	0.180	0.182
2.08	0.262	51.000	0.000	0.261	0.271	0.262	0.245	0.266	0.267	0.219	1.545	-2.954	-1.163	0.652	2.427	-2.062	-0.219	0.250	0.261	0.265
2.78	0.349	51.000	0.000	0.352	0.360	0.349	0.342	0.345	0.352	0.356	1.438	-3.037	-1.249	0.556	2.347	-2.147	-0.356	0.357	0.344	0.351
3.47	0.436	51.000	0.000	0.432	0.450	0.436	0.360	0.446	0.431	0.429	1.362	-3.119	-1.342	0.538	2.247	-2.226	-0.429	0.433	0.426	0.445
4.17	0.524	51.000	0.000	0.521	0.538	0.524	0.339	0.540	0.521	0.514	1.279	3.060	-1.418	0.559	2.153	-2.316	-0.514	0.516	0.530	0.520
4.86	0.611	51.000	0.000	0.614	0.628	0.611	0.275	0.616	0.610	0.603	1.217	2.976	-1.511	0.623	2.077	-2.405	-0.603	0.578	0.614	0.614
5.56	0.698	51.000	0.000	0.696	0.717	0.698	0.199	0.696	0.700	0.694	1.107	2.899	-1.603	0.698	1.997	-2.495	-0.694	0.688	0.691	0.705
6.25	0.785	51.000	0.000	0.790	0.806	0.785	0.097	0.792	0.791	0.772	1.028	2.814	-1.687	0.801	1.900	-2.586	-0.772	0.768	0.777	0.790
6.94	0.873	51.000	0.000	0.873	0.895	0.873	0.022	0.873	0.876	0.855	1.045	2.717	-1.768	0.876	1.820	-2.671	-0.855	0.751	0.874	0.871
7.64	0.960	51.000	0.000	0.965	0.984	0.960	-0.076	0.984	0.965	0.949	1.005	2.633	-1.862	0.974	1.709	-2.760	-0.949	0.790	0.957	0.964
8.33	1.047	51.000	0.000	1.052	1.073	1.047	-0.159	1.056	1.052	1.039	1.045	2.562	-1.952	1.056	1.637	-2.847	-1.039	0.750	1.029	1.054
9.03	1.134	51.000	0.000	1.136	1.161	1.134	-0.242	1.130	1.131	1.136	1.140	2.465	-2.033	1.140	1.563	-2.927	-1.136	0.655	1.125	1.136
9.72	1.222	51.000	0.000	1.214	1.250	1.222	-0.334	1.189	1.229	1.215	1.206	2.384	-2.111	1.232	1.504	-3.024	-1.215	0.589	1.206	1.214
10.42	1.309	51.000	0.000	1.308	1.337	1.309	-0.417	-1.702	1.313	1.302	1.300	2.302	-2.211	1.314	-1.889	-3.108	-1.302	0.495	1.288	1.313
11.11	1.396	51.000	0.000	1.398	1.426	1.396	-0.511	-1.696	1.400	1.397	1.378	2.191	-2.283	1.409	-1.894	3.088	-1.397	0.418	1.399	1.385
11.81	1.484	51.000	0.000	1.482	1.513	1.484	-0.584	1.229	1.476	1.488	1.480	2.098	-2.379	1.482	1.464	3.012	-1.488	0.315	1.492	1.482
12.50	1.571	51.000	0.000	1.571	1.600	1.571	-0.686	1.124	1.579	1.574	1.571	2.021	-2.466	1.584	1.569	2.909	-1.574	0.224	1.569	1.568
13.19	1.658	51.000	0.000	1.658	1.688	1.658	-0.756	1.015	1.662	1.655	1.658	1.931	-2.552	1.654	1.678	2.826	-1.655	0.137	1.659	1.654
13.89	1.745	51.000	0.000	1.743	1.773	1.745	-0.845	0.936	1.742	1.749	1.743	-1.405	-2.637	1.743	1.757	2.746	-1.749	0.052	-1.288	1.739
14.58	1.833	51.000	0.000	1.838	1.861	1.833	-0.939	0.842	1.840	1.840	1.830	1.849	-2.725	1.837	1.851	2.648	-1.840	-0.034	1.742	1.827
15.28	1.920	51.000	0.000	1.922	1.948	1.920	-1.026	0.763	1.947	1.916	1.922	1.913	-2.813	1.923	1.930	2.541	-1.916	-0.127	1.677	1.915
15.97	2.007	51.000	0.000	2.005	2.033	2.007	-1.106	0.676	2.015	2.014	2.002	1.994	-2.903	2.004	2.017	2.473	-2.014	-0.207	1.596	2.005
16.67	2.094	51.000	0.000	2.099	2.119	2.094	-1.195	0.590	2.114	2.099	2.084	2.101	-2.983	2.093	2.103	2.374	-2.099	-0.289	1.490	2.086
17.36	2.182	51.000	0.000	2.180	2.204	2.182	-1.276	0.498	-0.855	2.188	2.179	2.172	-3.080	2.174	2.195	-0.940	-2.188	-0.384	1.418	2.182
18.06	2.269	51.000	0.000	2.266	2.292	2.269	-1.366	0.415	-0.865	2.269	2.270	2.246	3.141	2.264	2.278	-0.930	-2.269	-0.475	1.345	2.244
18.75	2.356	51.000	0.000	2.358	2.375	2.356	-1.455	0.329	2.094	2.368	2.358	2.335	3.055	2.353	2.363	2.394	-2.368	-0.563	1.255	2.330
19.44	2.443	51.000	0.000	2.441	2.461	2.443	-1.539	0.247	2.032	2.457	2.441	2.428	2.945	2.436	2.446	2.456	-2.457	-0.646	1.163	2.440
20.14	2.531	51.000	0.000	2.527	2.546	2.531	-1.630	0.160	1.966	2.527	2.531	2.527	2.862	2.527	2.533	2.522	-2.527	-0.736	1.064	2.524
20.83	2.618	51.000	0.000	2.619	2.632	2.618	-1.722	0.068	1.864	2.628	2.618	2.615	2.835	2.619	2.625	2.624	-2.628	-0.823	0.976	2.551
21.53	2.705	51.000	0.000	2.703	2.717	2.705	-1.804	-0.024	1.798	2.705	2.713	2.699	2.708	2.702	2.717	2.690	-2.705	-0.918	0.892	2.678
22.22	2.793	51.000	0.000	2.791	2.803	2.793	-1.895	-0.095	1.681	2.807	2.790	2.790	2.817	2.792	2.788	2.807	-2.807	-0.995	0.801	2.569
22.92	2.880	51.000	0.000	2.884	2.887	2.880	-1.991	-0.182	1.594	2.931	2.883	2.872	2.884	2.888	2.874	2.894	-2.931	-1.087	0.718	2.502
23.61	2.967	51.000	0.000	2.960	2.972	2.967	-2.055	-0.275	1.516	2.951	2.974	2.960	2.958	2.952	2.968	2.972	-2.951	-1.179	0.630	2.427
24.31	3.054	51.000	0.000	3.053	3.054	3.056	-2.131	-0.370	1.434	3.044	3.059	3.051	3.038	3.029	3.063	3.054	-3.044	-1.264	0.539	2.347
25.00	3.142	51.000	0.000	-3.138	0.012	3.142	-2.250	-0.450	1.344	0.101	-3.133	3.128	-3.127	-3.136	-3.141	-3.140	-0.101	-1.355	0.462	2.229
25.69	-3.054	51.000	0.000	-3.057	3.058	-3.054	-2.335	-0.524	1.246	3.120	-3.054	-3.057	-3.056	-3.050	-3.066	-3.041	-3.120	-1.434	0.364	2.159
26.39	-2.967	51.000	0.000	-2.969	2.974	-2.965	-2.406	-0.623	1.167	2.985	-2.969	-2.955	-2.991	-2.980	-2.968	-2.962	-2.985	-1.519	0.262	2.093
27.08	-2.880	51.000	0.000	-2.871	2.887	-2.880	-2.524	-0.709	1.086	2.845	-2.871	-2.881	-2.870	-2.862	-2.881	-2.881	-2.845	-1.617	0.188	1.973
27.78	-2.793	51.000	0.000	-2.790	2.803	-2.793	-2.568	-0.795	1.000	2.761	-2.784	-2.785	-2.805	-2.818	-2.796	-2.795	-2.761	-1.704	0.092	1.907
28.47	-2.705	51.000	0.000	-2.709	2.717	-2.705	-2.642	-0.875	0.902	2.710	-2.709	-2.703	-2.709	-2.744	-2.716	-2.697	-2.710	-1.779	0.011	1.811
29.17	-2.618	51.000	0.000	-2.618	2.632	-2.618	0.403	-0.971	0.822	2.610	-2.587	-2.621	-2.619	0.495	-2.619	-2.618	-2.610	-1.901	-0.072	1.721
29.86	-2.531	51.000	0.000	-2.528	2.546	-2.531	-2.501	-1.061	0.733	2.528	-2.493	-2.529	-2.544	-2.884	-2.529	-2.528	-2.528	-1.995	-0.164	1.646
30.56	-2.443	51.000	0.000	-2.441	2.461	-2.443	-2.472	-1.141	0.649	2.437	-2.440	-2.439	-2.441	-2.913	-2.449	-2.444	-2.437	-2.048	-0.253	1.543
31.25	-2.356	51.000	0.000	-2.351	2.377	-2.356	-2.361	-1.230	0.561	2.345	-2.265	-2.345	-2.364	-3.025	-2.360	-2.356	-2.345	-2.223	-0.348	1.467
31.94	-2.269	51.000	0.000	-2.271	2.292	-2.269	-2.267	-1.311	0.470	2.271	-2.341	-2.258	-2.277	-3.119	-2.279	-2.265	-2.271	-2.147	-0.435	1.379
32.64	-2.182	51.000	0.000	-2.181	2.204	-2.182	-2.188	-1.389	0.385	2.178	-2.372	-2.173	-2.183	3.086	-2.201	-2.181	-2.178	-2.116	-0.520	1.285
33.33	-2.094	51.000	0.000	-2.091	2.119	-2.094	-2.089	-1.500	0.308	2.081	-2.389	-2.091	-2.096	2.986	-2.090	-2.103	-2.081	-2.099	-0.602	1.198
34.03	-2.007	51.000	0.000	-2.007	2.033	-2.007	-2.013	-1.573	0.206	2.012	-2.483	-2.002	-2.007	2.911	-2.017	-2.002	-2.012	-2.005	-0.691	1.109
34.72	-1.920	51.000	0.000	-1.918	1.948	-1.920	-1.930	-1.651	0.129	1.918	-2.580	-1.915	-1.915	2.828	-1.940	-1.924	-1.918	-1.908	-0.778	1.018
35.42	-1.833	51.000	0.000	-1.830	1.861	-1.833	-1.844	-1.717	0.043	1.830	-2.675	-1.813	-1.829	2.742	-1.873	-1.839	-1.830	-1.813	-0.880	0.932
36.11	-1.745	51.000	0.000	-1.747	1.775	-1.745	-1.747	1.303	-0.047	1.750	-2.750	-1.748	-1.744	2.644	1.390	-1.748	-1.750	-1.738	-0.945	0.847
36.81	-1.658	51.000	0.000	-1.659	1.688	-1.658	-1.666	-1.688	-0.125	1.657	-2.841	-1.623	-1.659	2.564	-1.902	-1.670	-1.657	-1.647	-1.070	0.762
37.50	-1.571	51.000	0.000	-1.571	1.600	-1.571	-1.564	-1.655	-0.220	1.579	-2.927	-1.553	-1.571	2.461	-1.935	-1.575	-1.579	-1.561	-1.139	0.673
38.19	-1.484	51.000	0.000	-1.484	1.513	-1.484	-1.485	-1.503	-0.293	1.471	-3.004	-1.468	-1.477	2.382	-2.087	-1.502	-1.471	-1.484	-1.224	0.579
38.89	-1.396	51.000	0.000	-1.395	1.426	-1.398	-1.402	-1.388	-0.392	1.395	-3.094	-1.400	-1.394	2.300	-2.202	-1.404	-1.395	-1.394	-1.293	0.497
39.58	-1.309	51.000	0.000	-1.310	1.339	-1.309	-1.306	-1.316	-0.488	1.307	3.111	1.828	-1.313	2.204	-2.275	-1.307	-1.307	-1.315	1.762	0.416
40.28	-1.222	51.000	0.000	-1.220	1.250	-1.222	-1.231	-1.220	-0.574	1.232	3.005	-1.474	-1.208	2.129	-2.371	-1.221	-1.232	-1.210	-1.219	0.310
40.97	-1.134	51.000	0.000	-1.136	1.161	-1.134	-1.136	-1.139	-0.655	1.135	2.931	-1.590	-1.121	2.033	-2.452	-1.141	-1.135	-1.136	-1.103	0.224
41.67	-1.047	51.000	0.000	-1.043	1.073	-1.047	-1.045	-1.051	-0.769	1.058	2.835	-1.651	-1.043	1.942	-2.539	-1.027	-1.058	-1.040	-1.042	0.145
42.36	-0.960	51.000	0.000	-0.958	0.984	-0.960	-0.958	-0.966	-0.808	0.965	2.745	-1.735	-0.945	1.856	-2.625	-0.987	-0.965	-0.949	-0.958	0.047
43.06	-0.873	51.000	0.000	-0.875	0.895	-0.873	-0.869	-0.878	2.219	0.883	2.667	-1.827	-0.881	1.766	-2.712	2.269	-0.883	-0.872	-0.866	-0.017
43.75	-0.785	51.000	0.000	-0.783	0.806	-0.785	-0.785	-0.794	-0.783	0.807	2.578	-1.930	-0.765	1.683	-2.796	-1.013	-0.807	-0.782	-0.763	-0.133
44.44	-0.698	51.000	0.000	-0.697	0.717	-0.698	-0.697	-0.701	-0.708	0.708	2.492	-2.011	-0.668	1.594	-2.890	-1.087	-0.708	-0.697	-0.682	-0.230
45.14	-0.611	51.000	0.000	-0.610	0.628	-0.611	-0.608	-0.610	-0.620	0.609	2.405	-2.083	-0.600	1.505	-2.981	-1.176	-0.609	-0.610	-0.610	-0.297
45.83	-0.524	51.000	0.000	-0.522	0.539	-0.524	-0.515	-0.525	-0.548	0.536	2.312	-2.174	2.777	1.413	-3.066	-1.248	-0.536	-0.517	-0.519	2.608
46.53	-0.436	51.000	0.000	-0.436	0.449	-0.436	-0.437	-0.433	-0.440	0.435	2.238	-2.260	-0.533	1.335	3.126	-1.356	-0.435	-0.442	-0.433	-0.365
47.22	-0.349	51.000	0.000	-0.349	0.360	-0.349	-0.339	-0.350	-0.361	0.365	2.143	-2.346	-0.578	1.237	3.042	-1.434	-0.365	-0.348	-0.347	-0.320
47.92	-0.262	51.000	0.000	-0.259	0.271	-0.264	-0.250	-0.263	-0.263	0.259	2.054	-2.427	-0.662	1.148	2.956	-1.532	-0.259	-0.259	-0.266	-0.236
48.61	-0.175	51.000	0.000	-0.174	0.176	-0.175	-0.160	-0.172	-0.196	0.174	1.980	-2.518	-0.742	1.058	2.865	-1.599	-0.174	-0.184	-0.175	-0.155
49.31	-0.087	51.000	0.000	-0.090	0.086	-0.087	-0.084	-0.084	-0.091	0.105	1.886	-2.616	-0.801	0.981	2.777	-1.704	-0.105	-0.090	-0.077	-0.097
50.00	0.000	51.000	0.000	0.012	0.014	0.000	0.012	-0.005	-0.002	0.093	1.799	-2.694	-0.909	0.886	2.698	-1.793	-0.093	-0.004	0.001	0.012
50.69	0.087	51.000	0.000	0.092	0.091	0.087	0.093	0.092	0.090	0.022	1.717	-2.786	-0.997	0.804	2.601	-1.885	-0.022	0.079	0.093	0.099
51.39	0.175	51.000	0.000	0.179	0.178	0.175	0.181	0.178	0.170	0.179	1.616	-2.858	-1.086	0.717	2.515	-1.965	-0.179	0.179	0.165	0.189
52.08	0.262	51.000	0.000	0.267	0.269	0.262	0.282	0.264	0.259	0.288	1.535	-2.962	-1.164	0.616	2.429	-2.054	-0.288	0.260	0.269	0.267
52.78	0.349	51.000	0.000	0.351	0.360	0.349	0.344	0.352	0.353	0.317	1.468	-3.042	-1.255	0.554	2.341	-2.148	-0.317	0.327	0.349	0.358
53.47	0.436	51.000	0.000	0.438	0.449	0.436	-2.588	0.442	0.435	0.414	1.383	-3.133	-1.342	-2.797	2.250	-2.230	-0.414	0.412	0.441	0.445
54.17	0.524	51.000	0.000	0.527	0.539	0.524	0.298	0.537	0.527	0.515	1.277	3.072	-1.429	0.600	2.156	-2.322	-0.515	0.518	0.519	0.532
54.86	0.611	51.000	0.000	0.605	0.628	0.611	0.318	0.616	0.610	0.597	1.202	2.986	-1.520	0.580	2.076	-2.405	-0.597	0.593	0.605	0.623
55.56	0.698	51.000	0.000	0.699	0.717	0.698	0.174	0.705	0.699	0.693	1.140	2.884	-1.592	0.724	1.988	-2.494	-0.693	0.655	0.707	0.695
56.25	0.785	51.000	0.000	0.785	0.808	0.785	0.075	0.811	0.783	0.785	1.034	2.805	-1.684	0.823	1.881	-2.578	-0.785	0.761	0.785	0.786
56.94	0.873	51.000	0.000	0.875	0.895	0.873	0.009	0.880	0.876	0.862	0.948	2.730	-1.772	0.888	1.813	-2.671	-0.862	0.847	0.861	0.874
57.64	0.960	51.000	0.000	0.961	0.984	0.960	-0.087	0.986	0.964	0.950	0.983	2.632	-1.853	0.985	1.707	-2.759	-0.950	0.812	0.958	0.956
58.33	1.047	51.000	0.000	1.051	1.073	1.047	-0.154	1.064	1.051	1.037	1.061	2.548	-1.947	1.052	1.629	-2.846	-1.037	0.734	1.042	1.049
59.03	1.134	51.000	0.000	1.131	1.162	1.134	-0.239	1.119	1.137	1.131	1.122	2.467	-2.031	1.137	1.573	-2.932	-1.131	0.673	1.123	1.133
59.72	1.222	51.000	0.000	1.220	1.250	1.222	-0.336	1.240	1.230	1.219	1.219	2.371	-2.117	1.233	1.453	-3.025	-1.219	0.576	1.220	1.220
60.42	1.309	51.000	0.000	1.310	1.339	1.309	-0.413	-1.734	1.309	1.319	1.287	2.281	-2.209	1.310	-1.857	-3.105	-1.319	0.509	1.309	1.312
61.11	1.396	51.000	0.000	1.396	1.426	1.396	-0.495	-1.670	1.382	1.401	1.392	2.192	-2.297	1.393	-1.921	3.106	-1.401	0.403	1.399	1.399
61.81	1.484	51.000	0.000	1.485	1.513	1.484	-0.587	1.159	1.494	1.473	1.494	2.120	-2.378	1.485	1.533	2.994	-1.473	0.302	1.470	1.481
62.50	1.571	51.000	0.000	1.567	1.600	1.571	-0.685	1.081	1.597	1.565	1.561	2.024	-2.452	1.582	1.611	2.891	-1.565	0.234	1.567	1.554
63.19	1.658	51.000	0.000	1.651	1.688	1.658	-0.765	1.043	1.669	1.650	1.651	1.962	-2.552	1.662	1.650	2.819	-1.650	0.144	1.629	1.654
63.89	1.745	51.000	0.000	1.744	1.773	1.745	-0.847	0.950	1.740	1.744	1.745	1.836	-2.639	1.745	1.742	2.748	-1.744	0.050	1.754	1.741
64.58	1.833	51.000	0.000	1.835	1.861	1.833	-0.940	0.852	1.851	1.832	1.827	-1.406	-2.719	1.837	1.840	2.637	-1.832	-0.032	-1.286	1.821
65.28	1.920	51.000	0.000	1.915	1.948	1.920	-1.026	0.778	1.918	1.923	1.915	1.909	-2.812	1.924	1.915	2.570	-1.923	-0.120	1.681	1.914
65.97	2.007	51.000	0.000	2.007	2.033	2.005	-1.105	0.670	2.023	2.013	2.007	1.990	-2.905	2.003	2.023	2.465	-2.013	-0.212	1.600	2.007
66.67	2.094	51.000	0.000	2.099	2.119	2.094	-1.202	0.593	2.131	2.100	2.089	2.097	-2.986	2.099	2.100	2.357	-2.100	-0.294	1.493	2.088
67.36	2.182	51.000	0.000	2.178	2.204	2.182	-1.283	0.503	-0.819	2.191	2.169	2.175	-3.065	2.181	2.190	-0.977	-2.191	-0.374	1.416	2.168
68.06	2.269	51.000	0.000	2.270	2.290	2.269	-1.375	0.414	-0.842	2.277	2.266	2.265	3.136	2.273	2.279	-0.954	-2.277	-0.471	1.326	2.249
68.75	2.356	51.000	0.000	2.349	2.375	2.356	-1.457	0.329	2.201	2.359	2.357	2.341	3.042	2.354	2.363	2.287	-2.359	-0.562	1.249	2.343
69.44	2.443	51.000	0.000	2.435	2.463	2.443	-1.549	0.249	2.079	2.447	2.435	2.435	2.970	2.446	2.444	2.409	-2.447	-0.640	1.155	2.415
70.14	2.531	51.000	0.000	2.534	2.546	2.532	-1.617	0.155	1.954	2.529	2.535	2.525	2.811	2.515	2.538	2.534	-2.529	-0.740	1.065	2.575
70.83	2.618	51.000	0.000	2.626	2.632	2.618	-1.708	0.061	1.862	2.634	2.628	2.601	2.781	2.606	2.632	2.626	-2.634	-0.833	0.989	2.604
71.53	2.705	51.000	0.000	2.707	2.717	2.705	-1.800	-0.012	1.759	2.710	2.712	2.698	2.754	2.698	2.705	2.729	-2.710	-0.917	0.892	2.632
72.22	2.793	51.000	0.000	2.791	2.801	2.793	-1.884	-0.104	1.683	2.810	2.798	2.786	2.761	2.782	2.796	2.805	-2.810	-1.002	0.804	2.625
72.92	2.880	51.000	0.000	2.879	2.889	2.880	-1.973	-0.187	1.590	2.913	2.879	2.888	2.815	2.871	2.879	2.898	-2.913	-1.084	0.702	2.571
73.61	2.967	51.000	0.000	2.967	2.972	2.967	-2.052	-0.274	1.508	3.018	2.974	2.955	2.953	2.950	2.967	2.980	-3.018	-1.179	0.636	2.433
74.31	3.054	51.000	0.000	3.053	3.058	3.054	-2.136	-0.360	1.421	0.039	3.053	3.052	3.042	3.034	3.053	3.067	-0.039	-1.258	0.538	2.343
75.00	3.142	51.000	0.000	-3.140	3.114	3.142	-2.248	-0.439	1.337	3.099	-3.134	3.141	3.131	-3.138	3.132	-3.132	-3.099	-1.354	0.449	2.254
75.69	-3.054	51.000	0.000	-3.062	3.060	-3.054	-2.315	-0.532	1.252	3.071	-3.046	-3.060	-3.063	-3.070	-3.058	-3.047	-3.071	-1.442	0.368	2.165
76.39	-2.967	51.000	0.000	-2.970	2.972	-2.967	-2.408	-0.620	1.171	2.943	-2.961	-2.970	-2.971	-2.978	-2.971	-2.966	-2.943	-1.527	0.277	2.073
77.08	-2.880	51.000	0.000	-2.878	2.887	-2.880	-2.523	-0.691	1.083	2.833	-2.874	-2.879	-2.886	-2.863	-2.899	-2.878	-2.833	-1.614	0.186	1.988
77.78	-2.793	51.000	0.000	-2.792	2.803	-2.793	0.391	-0.786	0.999	2.779	-2.790	-2.787	-2.802	0.506	-2.804	-2.794	-2.779	-1.698	0.094	1.904
78.47	-2.705	51.000	0.000	-2.703	2.717	-2.705	-2.631	-0.878	0.906	2.701	-2.698	-2.704	-2.714	-2.755	-2.712	-2.701	-2.701	-1.790	0.011	1.817
79.17	-2.618	51.000	0.000	-2.617	2.632	-2.618	0.431	-0.958	0.822	2.610	-2.608	-2.618	-2.625	0.466	-2.632	-2.617	-2.610	-1.880	-0.075	1.727
79.86	-2.531	51.000	0.000	-2.530	2.546	-2.531	-2.582	-1.052	0.746	2.506	-2.522	-2.526	-2.530	-2.804	-2.538	-2.541	-2.506	-1.966	-0.166	1.633
80.56	-2.443	51.000	0.000	-2.443	2.461	-2.443	-2.434	-1.136	0.647	2.440	-2.472	-2.428	-2.458	-2.952	-2.455	-2.443	-2.440	-2.016	-0.264	1.561
81.25	-2.356	51.000	0.000	-2.356	2.375	-2.356	-2.346	-1.240	0.568	2.351	-2.361	-2.356	-2.359	-3.039	-2.350	-2.363	-2.351	-2.127	-0.336	1.461
81.94	-2.269	51.000	0.000	-2.269	2.290	-2.269	-2.263	-1.321	0.474	2.270	-2.359	-2.257	-2.275	-3.123	-2.269	-2.269	-2.270	-2.129	-0.436	1.378
82.64	-2.182	51.000	0.000	-2.179	2.204	-2.182	-2.209	-1.384	0.384	2.185	-2.375	-2.173	-2.179	3.106	-2.207	-2.179	-2.185	-2.113	-0.520	1.281
83.33	-2.094	51.000	0.000	-2.099	2.119	-2.094	-2.116	-1.483	0.308	2.097	-2.447	-2.076	-2.099	3.014	-2.107	-2.103	-2.097	-2.041	-0.617	1.202
84.03	-2.007	51.000	0.000	-2.005	2.033	-2.007	-2.010	-1.585	0.220	2.000	-2.502	-1.991	-2.009	2.908	-2.005	-2.015	-2.000	-1.986	-0.702	1.112
84.72	-1.920	51.000	0.000	-1.920	1.948	-1.920	-1.919	-1.662	0.129	1.920	-2.578	-1.900	-1.932	2.817	-1.928	-1.924	-1.920	-1.910	-0.793	1.034
85.42	-1.833	51.000	0.000	-1.835	1.861	-1.833	-1.840	1.237	0.051	1.836	-2.670	-1.821	-1.834	2.737	1.455	-1.846	-1.836	-1.818	-0.871	0.936
86.11	-1.745	51.000	0.000	-1.744	1.775	-1.745	-1.750	-1.735	-0.053	1.757	-2.758	-1.736	-1.747	2.648	-1.855	-1.742	-1.757	-1.730	-0.957	0.849
86.81	-1.658	51.000	0.000	-1.655	1.688	-1.658	-1.662	-1.635	-0.147	1.669	-2.835	-1.667	-1.655	2.560	-1.955	-1.648	-1.669	-1.653	-1.026	0.758
87.50	-1.571	51.000	0.000	-1.572	1.600	-1.571	-1.567	-1.630	-0.214	1.577	-2.932	-1.538	-1.572	2.465	-1.960	-1.581	-1.577	-1.556	-1.155	0.675
88.19	-1.484	51.000	0.000	-1.485	1.513	-1.484	-1.485	-1.485	-0.302	1.485	-3.012	-1.479	-1.484	2.382	-2.106	-1.493	-1.485	-1.476	-1.213	0.587
88.89	-1.396	51.000	0.000	-1.398	1.426	-1.396	-1.403	-1.403	-0.397	1.398	-3.092	1.850	-1.391	2.301	-2.188	-1.398	-1.398	-1.396	1.740	0.493
89.58	-1.309	51.000	0.000	-1.314	1.337	-1.309	-1.316	-1.322	-0.474	1.312	3.096	1.870	-1.298	2.213	-2.268	-1.321	-1.312	-1.300	1.721	0.401
90.28	-1.222	51.000	0.000	-1.222	1.250	-1.222	-1.222	-1.235	-0.545	1.228	3.008	-1.488	-1.220	2.119	-2.355	-1.250	-1.228	-1.213	-1.205	0.322
90.97	-1.134	51.000	0.000	-1.125	1.161	-1.134	-1.134	-1.125	-0.669	1.145	2.914	-1.582	-1.125	2.032	-2.465	-1.126	-1.145	-1.119	-1.111	0.228
91.67	-1.047	51.000	0.000	-1.046	1.073	-1.047	-1.051	-1.044	-0.784	1.053	2.842	-1.646	-1.043	1.948	-2.546	-1.011	-1.053	-1.046	-1.046	0.145
92.36	-0.960	51.000	0.000	-0.956	0.984	-0.960	-0.951	-0.971	-0.832	0.965	2.755	-1.756	-0.951	1.849	-2.619	-0.963	-0.965	-0.960	-0.937	0.054
93.06	-0.873	51.000	0.000	-0.866	0.895	-0.873	-0.866	-0.892	-0.810	0.877	2.672	-1.844	-0.850	1.763	-2.698	-0.985	-0.877	-0.876	-0.849	-0.048
93.75	-0.785	51.000	0.000	-0.789	0.806	-0.785	-0.774	-0.793	-0.876	0.802	2.580	-1.934	-0.771	1.671	-2.797	-0.919	-0.802	-0.785	-0.759	-0.127
94.44	-0.698	51.000	0.000	-0.699	0.717	-0.698	-0.692	-0.704	-0.701	0.699	2.494	-1.996	-0.696	1.590	-2.886	-1.094	-0.699	-0.699	-0.697	-0.201
95.14	-0.611	51.000	0.000	-0.617	0.628	-0.611	-0.609	-0.617	-0.622	0.621	2.412	-2.094	-0.587	1.507	-2.973	-1.173	-0.621	-0.617	-0.599	-0.311
95.83	-0.524	51.000	0.000	-0.518	0.539	-0.524	-0.508	-0.531	-0.550	0.550	2.322	-2.188	-0.505	1.406	-3.059	-1.245	-0.550	-0.527	-0.505	-0.393
96.53	-0.436	51.000	0.000	-0.436	0.450	-0.436	-0.430	-0.430	-0.445	0.439	2.228	-2.254	-0.563	1.328	3.123	-1.350	-0.439	-0.433	-0.439	-0.335
97.22	-0.349	51.000	0.000	-0.351	0.360	-0.349	-0.337	-0.350	-0.369	0.368	2.148	-2.347	-0.588	1.234	3.043	-1.427	-0.368	-0.353	-0.346	-0.310
97.92	-0.262	51.000	0.000	-0.257	0.269	-0.262	-0.261	-0.257	-0.264	0.237	2.071	-2.438	-0.658	1.159	2.950	-1.531	-0.237	-0.275	-0.255	-0.240
98.61	-0.175	51.000	0.000	-0.174	0.180	-0.173	-0.157	-0.174	-0.183	0.185	1.975	-2.524	-0.745	1.055	2.867	-1.613	-0.185	-0.180	-0.168	-0.153
99.31	-0.087	51.000	0.000	-0.089	0.093	-0.087	-0.081	-0.089	-0.091	0.094	1.886	-2.608	-0.809	0.979	2.782	-1.704	-0.094	-0.090	-0.085	-0.089
100.00	0.000	51.000	0.000	0.017	0.003	0.000	0.023	-0.002	-0.006	0.050	1.807	-2.703	-0.907	0.874	2.695	-1.789	-0.050	-0.012	0.010	0.009
