percent	ang_W	r	phase	choose_angle	choose_angle_GN	delta_1_x_7	delta_2_x_1	delta_3_x_2	delta_4_x_3	delta_5_x_4	delta_6_x_5	delta_7_x_6	delta_7_x_1	delta_1_x_2	delta_2_x_3	delta_3_x_4	delta_4_x_5	delta_5_x_6	delta_6_x_7
0.00	0.000	51.000	0.000	0.012	NaN	0.021	0.001	-0.008	3.081	1.809	-2.696	-0.919	0.877	2.692	-1.787	-3.081	-0.014	0.003	0.021
0.69	0.087	51.000	0.000	0.086	NaN	0.086	0.090	0.084	0.120	1.710	-2.786	-0.980	0.812	2.603	-1.879	-0.120	0.086	0.093	0.083
1.39	0.175	51.000	0.000	0.176	NaN	0.165	0.177	0.170	0.194	1.620	-2.869	-1.065	0.733	2.516	-1.965	-0.194	0.176	0.176	0.168
2.08	0.262	51.000	0.000	0.257	NaN	0.257	0.265	0.258	0.232	1.551	-2.950	-1.168	0.641	2.428	-2.053	-0.232	0.244	0.257	0.271
2.78	0.349	51.000	0.000	0.351	NaN	-2.650	0.348	0.354	0.323	1.441	-3.031	-1.260	-2.736	2.345	-2.149	-0.323	0.354	0.338	0.363
3.47	0.436	51.000	0.000	0.435	NaN	-2.595	0.435	0.436	0.423	1.359	-3.121	-1.341	-2.791	2.258	-2.231	-0.423	0.436	0.428	0.444
4.17	0.524	51.000	0.000	0.519	NaN	-2.682	0.522	0.522	0.497	1.290	3.074	-1.422	-2.703	2.171	-2.317	-0.497	0.506	0.517	0.524
4.86	0.611	51.000	0.000	0.614	NaN	0.206	0.646	0.606	0.589	1.173	2.997	-1.512	0.692	2.046	-2.401	-0.589	0.622	0.594	0.614
5.56	0.698	51.000	0.000	0.694	NaN	0.203	0.725	0.692	0.690	1.072	2.906	-1.610	0.694	1.968	-2.487	-0.690	0.723	0.685	0.713
6.25	0.785	51.000	0.000	0.788	NaN	0.104	0.799	0.784	0.784	1.007	2.818	-1.696	0.793	1.894	-2.579	-0.784	0.788	0.773	0.798
6.94	0.873	51.000	0.000	0.876	NaN	0.017	0.889	0.875	0.858	0.961	2.725	-1.774	0.881	1.804	-2.671	-0.858	0.834	0.865	0.876
7.64	0.960	51.000	0.000	0.959	NaN	-0.071	0.957	0.967	0.957	-2.274	2.630	-1.854	0.968	1.735	-2.762	-0.957	-2.214	0.960	0.957
8.33	1.047	51.000	0.000	1.042	NaN	-0.155	1.054	1.048	1.043	0.949	2.553	-1.938	1.053	1.638	-2.843	-1.043	0.846	1.037	1.041
9.03	1.134	51.000	0.000	1.141	NaN	-0.246	1.158	1.141	1.138	1.081	2.477	-2.043	1.143	1.535	-2.937	-1.138	0.715	1.113	1.145
9.72	1.222	51.000	0.000	1.218	NaN	-0.323	1.199	1.230	1.215	1.214	2.372	-2.117	1.221	1.494	-3.025	-1.215	0.582	1.218	1.219
10.42	1.309	51.000	0.000	1.303	NaN	-0.407	1.250	1.302	1.315	1.291	2.302	-2.208	1.304	1.443	-3.097	-1.315	0.504	1.288	1.311
11.11	1.396	51.000	0.000	1.395	NaN	-0.507	-1.707	1.393	1.398	1.393	2.174	-2.282	1.405	-1.884	3.095	-1.398	0.402	1.416	1.384
11.81	1.484	51.000	0.000	1.483	0.568	-0.601	-1.717	1.472	1.488	1.483	2.114	-2.379	1.498	-1.874	3.016	-1.488	0.312	1.476	1.482
12.50	1.571	51.000	0.000	1.571	-0.006	-0.684	1.207	1.560	1.577	1.566	2.011	-2.469	1.581	1.486	2.928	-1.577	0.229	1.580	1.571
13.19	1.658	51.000	0.000	1.653	NaN	-0.770	1.062	1.653	1.663	1.645	1.988	-2.558	1.667	1.630	2.835	-1.663	0.150	1.603	1.661
13.89	1.745	51.000	0.000	1.742	NaN	-0.869	0.951	1.765	1.743	1.730	1.864	-2.615	1.766	1.742	2.723	-1.743	0.065	1.727	1.717
14.58	1.833	51.000	0.000	1.832	NaN	-0.929	0.844	1.844	1.834	1.829	-1.400	-2.728	1.827	1.849	2.644	-1.834	-0.034	-1.293	1.831
15.28	1.920	51.000	0.000	1.918	NaN	-1.021	0.769	1.913	1.927	1.901	1.982	-2.815	1.918	1.924	2.575	-1.927	-0.106	1.609	1.917
15.97	2.007	51.000	0.000	2.007	NaN	-1.114	0.682	2.007	2.023	1.999	1.978	-2.896	2.011	2.011	2.481	-2.023	-0.204	1.613	1.998
16.67	2.094	51.000	0.000	2.092	NaN	-1.194	0.586	2.061	2.110	2.092	2.092	-2.992	2.091	2.106	2.427	-2.110	-0.297	1.498	2.094
17.36	2.182	51.000	0.000	2.182	NaN	-1.280	0.500	-0.829	2.182	2.170	2.211	-3.079	2.178	2.193	-0.967	-2.182	-0.375	1.380	2.182
18.06	2.269	51.000	0.000	2.264	0.150	-1.365	0.415	2.194	2.270	2.265	2.263	3.136	2.263	2.278	2.294	-2.270	-0.470	1.328	2.250
18.75	2.356	51.000	0.000	2.341	NaN	-1.463	0.332	2.186	2.353	2.363	2.330	3.067	2.361	2.360	2.302	-2.353	-0.568	1.260	2.318
19.44	2.443	51.000	0.000	2.436	-1.476	-1.539	0.238	2.073	2.447	2.435	2.445	2.957	2.436	2.455	2.415	-2.447	-0.640	1.146	2.428
20.14	2.531	51.000	0.000	2.536	NaN	-1.624	0.161	1.924	2.550	2.521	2.536	2.841	2.521	2.532	2.564	-2.550	-0.726	1.054	2.545
20.83	2.618	51.000	0.000	2.617	NaN	-1.719	0.076	1.832	2.643	2.621	2.613	2.778	2.617	2.617	2.656	-2.643	-0.826	0.977	2.607
21.53	2.705	51.000	0.000	2.705	1.041	-1.807	-0.009	1.766	2.705	2.717	2.689	2.799	2.705	2.702	2.722	-2.705	-0.922	0.901	2.587
22.22	2.793	51.000	0.000	2.792	0.535	-1.894	-0.102	1.704	2.779	2.792	2.794	2.808	2.792	2.795	2.784	-2.779	-0.997	0.797	2.577
22.92	2.880	51.000	0.000	2.881	NaN	-1.962	-0.191	1.594	2.934	2.875	2.881	2.812	2.859	2.884	2.894	-2.934	-1.079	0.709	2.574
23.61	2.967	51.000	0.000	2.958	NaN	-2.048	-0.282	1.530	3.003	2.956	2.974	2.913	2.946	2.975	2.958	-3.003	-1.161	0.616	2.472
24.31	3.054	51.000	0.000	3.053	NaN	-2.143	-0.353	1.423	3.091	3.055	3.052	3.030	3.041	3.046	3.065	-3.091	-1.260	0.539	2.355
25.00	3.142	51.000	0.000	-3.133	NaN	-2.252	-0.443	1.330	0.146	-3.133	3.129	-3.128	-3.133	3.136	-3.125	-0.146	-1.355	0.462	2.230
25.69	-3.054	51.000	0.000	-3.055	NaN	-2.330	-0.527	1.244	0.079	-3.054	-3.050	-3.069	-3.056	-3.063	-3.039	-0.079	-1.434	0.357	2.171
26.39	-2.967	51.000	0.000	-2.971	NaN	-2.381	-0.630	1.176	2.935	-2.951	-2.975	-2.976	-3.004	-2.961	-2.971	-2.935	-1.537	0.282	2.078
27.08	-2.880	51.000	0.000	-2.871	NaN	-2.507	-0.705	1.075	2.868	-2.871	-2.883	-2.871	-2.878	-2.885	-2.870	-2.868	-1.617	0.191	1.973
27.78	-2.793	51.000	0.000	-2.795	NaN	-2.582	-0.784	0.989	2.802	-2.787	-2.789	-2.814	-2.804	-2.806	-2.784	-2.802	-1.701	0.096	1.916
28.47	-2.705	51.000	0.000	-2.707	-2.962	0.437	-0.878	0.906	2.709	-2.705	-2.708	-2.707	0.461	-2.713	-2.702	-2.709	-1.783	0.015	1.810
29.17	-2.618	51.000	0.000	-2.608	-1.429	-2.581	-0.974	0.826	2.592	-2.608	-2.605	-2.628	-2.805	-2.616	-2.621	-2.592	-1.880	-0.088	1.730
29.86	-2.531	51.000	0.000	-2.526	NaN	-2.523	-1.064	0.742	2.514	-2.518	-2.530	-2.529	-2.862	-2.526	-2.537	-2.514	-1.970	-0.163	1.632
30.56	-2.443	51.000	0.000	-2.442	NaN	-2.435	-1.157	0.649	2.442	-2.452	-2.432	-2.448	-2.950	-2.433	-2.444	-2.442	-2.036	-0.261	1.551
31.25	-2.356	51.000	0.000	-2.353	NaN	-2.375	-1.220	0.557	2.353	-2.350	-2.343	-2.364	-3.011	-2.370	-2.352	-2.353	-2.138	-0.350	1.466
31.94	-2.269	51.000	0.000	-2.280	NaN	-2.279	-1.308	0.485	2.262	-2.352	-2.256	-2.281	-3.106	-2.283	-2.280	-2.262	-2.136	-0.437	1.384
32.64	-2.182	51.000	0.000	-2.183	NaN	-2.195	-1.387	0.385	2.183	-2.406	-2.163	-2.186	3.092	-2.204	-2.181	-2.183	-2.082	-0.529	1.289
33.33	-2.094	51.000	0.000	-2.094	2.532	-2.093	-1.496	0.303	2.094	-2.414	-2.095	-2.095	2.990	-2.094	-2.099	-2.094	-2.074	-0.598	1.197
34.03	-2.007	51.000	0.000	-2.005	NaN	-2.025	-1.541	0.209	2.014	-2.512	-2.005	-2.003	2.922	-2.050	-2.004	-2.014	-1.976	-0.688	1.105
34.72	-1.920	51.000	0.000	-1.923	NaN	-1.930	-1.698	0.153	1.901	-2.562	-1.923	-1.916	2.828	-1.893	-1.948	-1.901	-1.926	-0.770	1.019
35.42	-1.833	51.000	0.000	-1.832	NaN	-1.839	-1.712	0.037	1.833	-2.673	-1.814	-1.832	2.736	-1.878	-1.832	-1.833	-1.815	-0.879	0.934
36.11	-1.745	51.000	0.000	-1.749	NaN	-1.753	-1.747	-0.039	1.738	-2.748	-1.707	-1.751	2.651	-1.843	-1.756	-1.738	-1.740	-0.985	0.854
36.81	-1.658	51.000	0.000	-1.660	NaN	-1.659	1.300	-0.112	1.660	-2.863	-1.610	-1.661	2.557	1.393	-1.683	-1.660	-1.625	-1.082	0.764
37.50	-1.571	51.000	0.000	-1.565	0.058	-1.575	-1.533	-0.230	1.572	-2.931	-1.523	-1.575	2.472	-2.057	-1.565	-1.572	-1.557	-1.170	0.678
38.19	-1.484	51.000	0.000	-1.485	NaN	-1.480	-1.495	-0.310	1.486	-3.006	-1.437	-1.492	2.378	-2.095	-1.485	-1.486	-1.482	-1.256	0.594
38.89	-1.396	51.000	0.000	-1.401	NaN	-1.403	-1.409	-0.384	1.399	-3.117	1.903	-1.380	2.301	-2.181	-1.411	-1.399	-1.371	1.687	0.482
39.58	-1.309	51.000	0.000	-1.309	NaN	-1.309	-1.310	-0.505	1.311	3.111	-1.478	-1.298	2.206	-2.280	-1.290	-1.311	-1.316	-1.215	0.400
40.28	-1.222	51.000	0.000	-1.223	NaN	-1.223	-1.230	-0.571	1.220	3.021	-1.480	-1.216	2.120	-2.360	-1.224	-1.220	-1.225	-1.213	0.318
40.97	-1.134	51.000	0.000	-1.139	0.891	-1.141	-1.143	-0.653	1.139	2.924	-1.580	-1.110	2.038	-2.448	-1.143	-1.139	-1.129	-1.113	0.212
41.67	-1.047	51.000	0.000	-1.046	NaN	-1.053	-1.046	-0.760	1.055	2.831	-1.612	-1.046	1.951	-2.545	-1.036	-1.055	-1.036	-1.081	0.148
42.36	-0.960	51.000	0.000	-0.964	0.594	-0.957	-0.964	2.179	0.976	2.745	-1.724	-0.964	1.855	-2.626	2.309	-0.976	-0.950	-0.969	0.066
43.06	-0.873	51.000	0.000	-0.873	2.458	-0.868	-0.871	2.072	0.878	2.670	-1.818	-0.865	1.766	-2.719	2.416	-0.878	-0.875	-0.875	-0.032
43.75	-0.785	51.000	0.000	-0.791	NaN	-0.791	-0.779	-0.794	0.792	2.567	-1.897	-0.774	1.689	-2.812	-1.001	-0.792	-0.772	-0.796	-0.124
44.44	-0.698	51.000	0.000	-0.695	NaN	-0.686	-0.697	-0.727	0.701	2.490	-2.011	-0.676	1.584	-2.893	-1.068	-0.701	-0.695	-0.681	-0.222
45.14	-0.611	51.000	0.000	-0.613	0.995	-0.609	-0.619	-0.621	0.617	2.417	-2.109	-0.487	1.506	-2.972	-1.175	-0.617	-0.621	-0.584	-0.411
45.83	-0.524	51.000	0.000	-0.521	NaN	-0.514	-0.534	-0.521	0.518	2.320	-2.171	2.735	1.412	-3.057	-1.275	-0.518	-0.525	-0.522	2.651
46.53	-0.436	51.000	0.000	-0.440	NaN	-0.441	-0.438	-0.458	0.464	2.234	-2.271	2.846	1.339	3.131	-1.337	-0.464	-0.439	-0.422	2.539
47.22	-0.349	51.000	0.000	-0.345	NaN	-0.341	-0.355	-0.343	0.346	2.152	-2.349	-0.589	1.238	3.048	-1.452	-0.346	-0.357	-0.344	-0.309
47.92	-0.262	51.000	0.000	-0.269	NaN	-0.238	-0.269	-0.293	0.318	2.056	-2.443	-0.602	1.136	2.962	-1.502	-0.318	-0.260	-0.250	-0.295
48.61	-0.175	51.000	0.000	-0.174	NaN	-0.167	-0.174	-0.186	0.228	1.964	-2.522	-0.718	1.064	2.867	-1.609	-0.228	-0.169	-0.170	-0.179
49.31	-0.087	51.000	0.000	-0.083	NaN	-0.074	-0.081	-0.116	0.143	1.879	-2.597	-0.822	0.971	2.774	-1.679	-0.143	-0.083	-0.096	-0.075
50.00	0.000	51.000	0.000	0.021	NaN	0.021	0.005	-0.013	0.156	1.791	-2.688	-0.934	0.877	2.688	-1.782	-0.156	0.004	-0.005	0.036
50.69	0.087	51.000	0.000	0.099	NaN	0.112	0.082	0.090	0.099	1.724	-2.793	-0.997	0.786	2.610	-1.885	-0.099	0.071	0.100	0.099
51.39	0.175	51.000	0.000	0.170	NaN	0.132	0.190	0.170	0.155	1.635	-2.870	-1.074	0.765	2.503	-1.965	-0.155	0.161	0.177	0.176
52.08	0.262	51.000	0.000	0.252	NaN	0.231	0.276	0.252	0.227	1.543	-2.946	-1.164	0.666	2.417	-2.047	-0.227	0.252	0.253	0.266
52.78	0.349	51.000	0.000	0.344	NaN	-2.588	0.344	0.343	0.339	1.463	-3.038	-1.260	-2.798	2.349	-2.138	-0.339	0.332	0.345	0.362
53.47	0.436	51.000	0.000	0.444	2.938	0.356	0.455	0.428	0.447	1.331	-3.118	-1.340	0.542	2.238	-2.223	-0.447	0.465	0.426	0.442
54.17	0.524	51.000	0.000	0.522	NaN	-2.620	0.524	0.523	0.507	1.303	3.069	-1.434	-2.766	2.169	-2.318	-0.507	0.493	0.521	0.537
54.86	0.611	51.000	0.000	0.611	NaN	0.268	0.634	0.597	0.611	1.192	2.985	-1.516	0.630	2.059	-2.393	-0.611	0.604	0.605	0.618
55.56	0.698	51.000	0.000	0.701	NaN	0.241	0.688	0.702	0.701	1.079	2.894	-1.603	0.657	2.005	-2.497	-0.701	0.717	0.696	0.706
56.25	0.785	51.000	0.000	0.782	0.223	0.122	0.792	0.782	0.777	1.041	2.805	-1.684	0.775	1.901	-2.577	-0.777	0.754	0.786	0.786
56.94	0.873	51.000	0.000	0.872	NaN	0.009	0.900	0.872	0.860	0.997	2.716	-1.769	0.889	1.793	-2.667	-0.860	0.798	0.874	0.871
57.64	0.960	51.000	0.000	0.962	-0.345	-0.065	0.969	0.954	0.961	-2.273	2.624	-1.847	0.962	1.724	-2.749	-0.961	-2.215	0.967	0.949
58.33	1.047	51.000	0.000	1.044	NaN	-0.165	1.043	1.057	1.039	1.044	2.558	-1.946	1.063	1.650	-2.852	-1.039	0.751	1.033	1.048
59.03	1.134	51.000	0.000	1.138	NaN	-0.242	1.116	1.133	1.139	1.144	2.453	-2.027	1.140	1.577	-2.928	-1.139	0.652	1.138	1.130
59.72	1.222	51.000	0.000	1.218	NaN	-0.333	1.242	1.225	1.218	1.172	2.396	-2.116	1.230	1.451	-3.021	-1.218	0.623	1.194	1.218
60.42	1.309	51.000	0.000	1.309	NaN	-0.417	1.239	1.316	1.306	1.305	2.279	-2.198	1.314	1.454	-3.111	-1.306	0.490	1.311	1.300
61.11	1.396	51.000	0.000	1.399	NaN	-0.508	-1.749	1.406	1.405	1.354	2.207	-2.291	1.405	-1.842	3.082	-1.405	0.441	1.383	1.393
61.81	1.484	51.000	0.000	1.492	NaN	-0.588	1.198	1.498	1.479	1.492	2.070	-2.377	1.485	1.495	2.990	-1.479	0.303	1.520	1.480
62.50	1.571	51.000	0.000	1.580	NaN	-0.668	1.107	1.587	1.562	1.581	2.010	-2.475	1.566	1.586	2.901	-1.562	0.214	1.580	1.578
63.19	1.658	51.000	0.000	1.675	-2.255	-0.757	1.003	1.680	1.648	1.670	1.871	-2.553	1.654	1.690	2.808	-1.648	0.125	1.719	1.656
63.89	1.745	51.000	0.000	1.741	0.097	-0.854	0.962	1.747	1.747	1.735	-1.441	-2.630	1.752	1.731	2.741	-1.747	0.060	-1.252	1.732
64.58	1.833	51.000	0.000	1.831	-1.383	-0.936	0.871	1.828	1.822	1.852	-1.378	-2.738	1.834	1.822	2.660	-1.822	-0.056	-1.315	1.840
65.28	1.920	51.000	0.000	1.922	NaN	-1.027	0.762	1.959	1.919	1.920	-1.445	-2.801	1.925	1.931	2.529	-1.919	-0.125	-1.248	1.903
65.97	2.007	51.000	0.000	2.006	-1.608	-1.103	0.687	2.061	2.003	2.002	2.028	-2.928	2.001	2.006	2.427	-2.003	-0.207	1.563	2.030
66.67	2.094	51.000	0.000	2.094	-1.072	-1.178	0.575	2.076	2.103	2.082	2.109	-2.992	2.076	2.118	2.412	-2.103	-0.286	1.482	2.094
67.36	2.182	51.000	0.000	2.183	NaN	-1.287	0.500	-0.815	2.185	2.181	2.140	-3.044	2.184	2.192	-0.980	-2.185	-0.386	1.451	2.146
68.06	2.269	51.000	0.000	2.265	NaN	-1.362	0.414	-0.843	2.264	2.266	2.270	3.123	2.259	2.279	-0.952	-2.264	-0.471	1.320	2.263
68.75	2.356	51.000	0.000	2.357	NaN	-1.456	0.332	2.131	2.363	2.360	2.322	3.061	2.353	2.361	2.357	-2.363	-0.564	1.268	2.325
69.44	2.443	51.000	0.000	2.449	NaN	-1.540	0.244	2.031	2.453	2.451	2.427	2.936	2.438	2.449	2.457	-2.453	-0.656	1.163	2.449
70.14	2.531	51.000	0.000	2.537	NaN	-1.639	0.156	1.954	2.541	2.538	2.529	2.857	2.537	2.537	2.534	-2.541	-0.743	1.062	2.529
70.83	2.618	51.000	0.000	2.626	NaN	-1.729	0.078	1.850	2.626	2.618	2.627	2.774	2.626	2.615	2.638	-2.626	-0.823	0.963	2.612
71.53	2.705	51.000	0.000	2.709	NaN	-1.790	-0.022	1.777	2.708	2.711	2.693	2.735	2.688	2.715	2.711	-2.708	-0.916	0.897	2.651
72.22	2.793	51.000	0.000	2.798	1.739	-1.874	-0.103	1.668	2.813	2.789	2.801	-0.526	2.772	2.795	2.820	-2.813	-0.994	0.790	-0.372
72.92	2.880	51.000	0.000	2.878	NaN	-1.964	-0.186	1.595	2.915	2.878	2.868	2.873	2.862	2.879	2.893	-2.915	-1.083	0.722	2.512
73.61	2.967	51.000	0.000	2.960	NaN	-2.069	-0.262	1.515	2.945	2.973	2.960	2.956	2.967	2.955	2.973	-2.945	-1.178	0.630	2.429
74.31	3.054	51.000	0.000	3.051	NaN	-2.142	-0.365	1.443	2.995	3.057	3.059	3.025	3.040	3.058	3.045	-2.995	-1.261	0.531	2.360
75.00	3.142	51.000	0.000	-3.141	NaN	-2.215	-0.451	1.328	0.102	-3.139	3.141	3.135	3.113	-3.140	-3.123	-0.102	-1.349	0.450	2.250
75.69	-3.054	51.000	0.000	-3.055	NaN	-2.328	-0.538	1.265	2.947	-3.045	-3.042	-3.068	-3.058	-3.052	-3.060	-2.947	-1.443	0.350	2.171
76.39	-2.967	51.000	0.000	-2.967	NaN	-2.400	-0.624	1.179	2.906	-2.973	-2.965	-2.962	-2.986	-2.967	-2.974	-2.906	-1.515	0.272	2.064
77.08	-2.880	51.000	0.000	-2.878	NaN	-2.456	-0.719	1.083	2.854	-2.856	-2.878	-2.897	-2.930	-2.872	-2.879	-2.854	-1.632	0.185	2.000
77.78	-2.793	51.000	0.000	-2.796	-1.337	-2.661	-0.795	1.007	2.804	-2.797	-2.795	-2.801	-2.725	-2.796	-2.802	-2.804	-1.691	0.102	1.903
78.47	-2.705	51.000	0.000	-2.703	NaN	-2.549	-0.897	0.923	2.672	-2.697	-2.703	-2.712	-2.837	-2.694	-2.719	-2.672	-1.791	0.010	1.815
79.17	-2.618	51.000	0.000	-2.614	NaN	-2.602	-0.962	0.819	2.589	-2.579	-2.617	-2.624	-2.783	-2.629	-2.614	-2.589	-1.909	-0.076	1.726
79.86	-2.531	51.000	0.000	-2.531	-1.436	-2.592	-1.059	0.740	2.516	-2.487	-2.533	-2.528	-2.794	-2.531	-2.536	-2.516	-2.001	-0.159	1.631
80.56	-2.443	51.000	0.000	-2.449	NaN	-2.465	-1.148	0.654	2.447	-2.505	-2.425	-2.449	-2.921	-2.442	-2.449	-2.447	-1.983	-0.268	1.552
81.25	-2.356	51.000	0.000	-2.352	NaN	-2.386	-1.213	0.557	2.339	-2.360	-2.343	-2.352	-3.000	-2.378	-2.352	-2.339	-2.128	-0.350	1.455
81.94	-2.269	51.000	0.000	-2.267	NaN	-2.276	-1.326	0.473	2.262	1.030	-2.265	-2.271	-3.110	-2.265	-2.269	-2.262	0.765	-0.427	1.373
82.64	-2.182	51.000	0.000	-2.189	NaN	-2.199	-1.398	0.395	2.175	-2.368	-2.162	-2.189	3.096	-2.193	-2.190	-2.175	-2.120	-0.531	1.291
83.33	-2.094	51.000	0.000	-2.101	0.198	-2.101	-1.473	0.300	2.097	-2.382	-2.108	-2.094	2.999	-2.117	-2.096	-2.097	-2.106	-0.585	1.196
84.03	-2.007	51.000	0.000	-2.005	NaN	-2.005	-1.608	0.213	2.001	-2.461	-2.003	-2.006	2.903	-1.982	-2.008	-2.001	-2.027	-0.690	1.108
84.72	-1.920	51.000	0.000	-1.920	1.644	-1.917	-1.676	0.125	1.921	-2.560	-1.916	-1.927	2.815	-1.914	-1.920	-1.921	-1.928	-0.777	1.030
85.42	-1.833	51.000	0.000	-1.827	NaN	-1.843	1.217	0.058	1.818	-2.658	-1.816	-1.825	2.741	1.475	-1.853	-1.818	-1.830	-0.877	0.927
86.11	-1.745	51.000	0.000	-1.740	NaN	-1.739	1.219	-0.033	1.740	-2.774	-1.704	-1.749	2.637	1.474	-1.762	-1.740	-1.714	-0.989	0.851
86.81	-1.658	51.000	0.000	-1.658	NaN	-1.660	-1.624	-0.132	1.663	-2.857	-1.648	-1.658	2.558	-1.966	-1.663	-1.663	-1.631	-1.045	0.760
87.50	-1.571	51.000	0.000	-1.567	NaN	-1.569	-1.545	-0.225	1.567	-2.929	-1.507	-1.580	2.467	-2.046	-1.570	-1.567	-1.559	-1.186	0.682
88.19	-1.484	51.000	0.000	-1.485	NaN	-1.487	-1.511	-0.310	1.492	-3.020	-1.407	-1.478	2.385	-2.079	-1.485	-1.492	-1.468	-1.286	0.580
88.89	-1.396	51.000	0.000	-1.397	NaN	-1.395	-1.400	-0.377	1.391	-3.091	-1.454	-1.398	2.292	-2.191	-1.418	-1.391	-1.397	-1.239	0.500
89.58	-1.309	51.000	0.000	-1.306	NaN	-1.306	-1.298	-0.490	1.307	3.095	1.899	-1.313	2.204	-2.292	-1.305	-1.307	-1.300	1.691	0.416
90.28	-1.222	51.000	0.000	-1.226	-1.045	-1.226	-1.223	-0.558	1.214	3.024	-1.459	-1.221	2.124	-2.368	-1.238	-1.214	-1.228	-1.234	0.324
90.97	-1.134	51.000	0.000	-1.139	NaN	-1.139	-1.144	-0.659	1.143	2.920	-1.522	-1.127	2.036	-2.447	-1.136	-1.143	-1.124	-1.171	0.230
91.67	-1.047	51.000	0.000	-1.049	NaN	-1.047	-1.049	-0.723	1.047	2.840	-1.638	-1.051	1.945	-2.542	-1.072	-1.047	-1.044	-1.055	0.153
92.36	-0.960	51.000	0.000	-0.961	NaN	-0.954	-0.957	2.104	0.978	2.743	-1.723	-0.966	1.852	-2.633	2.384	-0.978	-0.948	-0.970	0.068
93.06	-0.873	51.000	0.000	-0.872	-0.661	-0.868	-0.873	-0.875	0.874	2.666	-1.829	-0.869	1.766	-2.717	-0.920	-0.874	-0.870	-0.864	-0.028
93.75	-0.785	51.000	0.000	-0.787	NaN	-0.776	-0.789	2.204	0.802	2.581	-1.926	-0.788	1.673	-2.802	2.284	-0.802	-0.785	-0.767	-0.110
94.44	-0.698	51.000	0.000	-0.696	NaN	-0.681	-0.704	-0.680	0.696	2.494	-2.006	-0.725	1.578	-2.886	-1.115	-0.696	-0.699	-0.687	-0.173
95.14	-0.611	51.000	0.000	-0.609	NaN	-0.600	-0.618	-0.616	0.615	2.404	-2.100	-0.528	1.498	-2.973	-1.180	-0.615	-0.609	-0.593	-0.370
95.83	-0.524	51.000	0.000	-0.523	NaN	-0.506	-0.528	-0.513	0.523	2.323	-2.183	-0.590	1.404	-3.062	-1.282	-0.523	-0.527	-0.510	-0.308
96.53	-0.436	51.000	0.000	-0.434	0.855	-0.418	-0.434	-0.454	0.437	2.236	-2.258	-0.602	1.316	3.127	-1.341	-0.437	-0.441	-0.434	-0.296
97.22	-0.349	51.000	0.000	-0.350	NaN	-0.347	-0.353	-0.339	0.342	2.140	-2.341	-0.535	1.245	3.046	-1.457	-0.342	-0.345	-0.352	-0.363
97.92	-0.262	51.000	0.000	-0.250	1.283	-0.241	-0.277	-0.250	0.247	2.063	-2.433	-0.662	1.139	2.970	-1.546	-0.247	-0.267	-0.259	-0.236
98.61	-0.175	51.000	0.000	-0.178	NaN	-0.146	-0.178	-0.178	0.200	1.969	-2.536	-0.719	1.044	2.870	-1.618	-0.200	-0.174	-0.157	-0.178
99.31	-0.087	51.000	0.000	-0.088	NaN	-0.079	-0.089	-0.092	0.191	1.875	-2.614	-0.809	0.976	2.781	-1.703	-0.191	-0.080	-0.078	-0.088
100.00	0.000	51.000	0.000	0.009	NaN	-0.001	0.014	-0.018	3.074	1.806	-2.694	-0.906	0.899	2.679	-1.777	-3.074	-0.011	0.001	0.009
