percent	ang_W	r	phase	choose_angle	choose_angle_GN	delta_1_x_7	delta_2_x_1	delta_3_x_2	delta_4_x_3	delta_5_x_4	delta_6_x_5	delta_7_x_6	delta_7_x_1	delta_1_x_2	delta_2_x_3	delta_3_x_4	delta_4_x_5	delta_5_x_6	delta_6_x_7
0.00	0.000	51.000	0.000	-0.005	NaN	0.017	-0.005	-0.007	0.106	1.800	-2.691	-0.915	0.880	2.698	-1.789	-0.106	-0.004	-0.001	0.018
0.69	0.087	51.000	0.000	0.088	NaN	0.105	0.088	0.079	0.054	1.716	-2.784	-0.986	0.793	2.605	-1.875	-0.054	0.079	0.091	0.088
1.39	0.175	51.000	0.000	0.171	NaN	0.176	0.176	0.169	0.145	1.631	-2.864	-1.078	0.721	2.516	-1.965	-0.145	0.164	0.171	0.180
2.08	0.262	51.000	0.000	0.264	NaN	0.321	0.264	0.256	0.266	1.539	-2.952	-1.179	0.576	2.429	-2.051	-0.266	0.256	0.259	0.281
2.78	0.349	51.000	0.000	0.352	-0.119	0.368	0.350	0.347	0.332	1.477	-3.046	-1.258	0.529	2.342	-2.143	-0.332	0.318	0.353	0.361
3.47	0.436	51.000	0.000	0.439	NaN	-2.627	0.440	0.436	0.440	1.367	-3.131	-1.345	-2.759	2.252	-2.231	-0.440	0.428	0.438	0.447
4.17	0.524	51.000	0.000	0.529	0.503	0.350	0.532	0.519	0.515	1.258	3.081	-1.427	0.548	2.161	-2.314	-0.515	0.537	0.509	0.529
4.86	0.611	51.000	0.000	0.609	-2.669	0.268	0.621	0.608	0.591	1.218	2.978	-1.506	0.630	2.072	-2.403	-0.591	0.577	0.612	0.609
5.56	0.698	51.000	0.000	0.693	NaN	0.185	0.711	0.693	0.687	1.116	2.906	-1.604	0.712	1.982	-2.488	-0.687	0.679	0.685	0.706
6.25	0.785	51.000	0.000	0.791	NaN	0.106	0.804	0.784	0.775	0.943	2.817	-1.688	0.791	1.889	-2.580	-0.775	0.852	0.773	0.790
6.94	0.873	51.000	0.000	0.879	0.783	0.010	0.878	0.880	0.862	0.980	2.730	-1.779	0.888	1.815	-2.675	-0.862	0.815	0.860	0.881
7.64	0.960	51.000	0.000	0.959	NaN	-0.071	0.960	0.962	0.952	0.983	2.637	-1.856	0.968	1.732	-2.757	-0.952	0.812	0.954	0.958
8.33	1.047	51.000	0.000	1.052	NaN	-0.162	1.052	1.057	1.037	1.054	2.544	-1.942	1.059	1.641	-2.852	-1.037	0.742	1.046	1.044
9.03	1.134	51.000	0.000	1.133	NaN	-0.239	1.138	1.140	1.126	1.133	2.460	-2.030	1.137	1.554	-2.935	-1.126	0.662	1.131	1.133
9.72	1.222	51.000	0.000	1.218	1.202	-0.323	1.217	1.228	1.218	1.207	2.377	-2.122	1.220	1.476	-3.023	-1.218	0.588	1.213	1.224
10.42	1.309	51.000	0.000	1.309	NaN	-0.415	-1.757	1.315	1.304	1.305	2.293	-2.210	1.312	-1.834	-3.110	-1.304	0.490	1.297	1.313
11.11	1.396	51.000	0.000	1.396	-2.617	-0.502	1.287	1.405	1.393	1.391	2.219	-2.301	1.400	1.406	3.083	-1.393	0.404	1.371	1.404
11.81	1.484	51.000	0.000	1.485	NaN	-0.595	1.179	1.497	1.475	1.478	2.105	-2.365	1.492	1.514	2.991	-1.475	0.318	1.485	1.468
12.50	1.571	51.000	0.000	1.572	2.999	-0.681	1.121	1.577	1.574	1.551	2.054	-2.464	1.578	1.572	2.911	-1.574	0.244	1.536	1.567
13.19	1.658	51.000	0.000	1.656	NaN	-0.765	1.034	1.666	1.656	1.648	1.962	-2.550	1.662	1.659	2.822	-1.656	0.147	1.628	1.653
13.89	1.745	51.000	0.000	1.748	1.444	-0.852	0.935	1.746	1.749	1.735	1.883	-2.631	1.749	1.758	2.742	-1.749	0.060	1.707	1.733
14.58	1.833	51.000	0.000	1.837	-0.817	-0.940	0.853	1.849	1.835	1.837	-1.469	-2.723	1.838	1.840	2.639	-1.835	-0.041	-1.223	1.826
15.28	1.920	51.000	0.000	1.922	NaN	-1.024	0.758	1.940	1.918	1.916	1.955	-2.812	1.922	1.935	2.548	-1.918	-0.121	1.635	1.914
15.97	2.007	51.000	0.000	2.017	0.539	-1.111	0.669	2.035	2.017	1.997	2.026	-2.901	2.009	2.023	2.453	-2.017	-0.201	1.564	2.003
16.67	2.094	51.000	0.000	2.099	NaN	-1.202	0.586	2.199	2.099	2.087	2.078	-2.974	2.099	2.107	2.289	-2.099	-0.292	1.512	2.076
17.36	2.182	51.000	0.000	2.182	NaN	-1.282	0.501	2.177	2.188	2.184	2.143	-3.053	2.180	2.192	2.311	-2.188	-0.389	1.447	2.156
18.06	2.269	51.000	0.000	2.268	NaN	-1.375	0.425	2.183	2.273	2.269	2.261	3.128	2.273	2.267	2.305	-2.273	-0.473	1.329	2.258
18.75	2.356	51.000	0.000	2.356	3.020	-1.454	0.327	2.114	2.363	2.356	2.355	3.035	2.351	2.366	2.374	-2.363	-0.561	1.236	2.351
19.44	2.443	51.000	0.000	2.444	NaN	-1.547	0.241	2.031	2.470	2.435	2.431	2.980	2.444	2.451	2.457	-2.470	-0.639	1.159	2.405
20.14	2.531	51.000	0.000	2.533	2.615	-1.631	0.162	1.940	2.531	2.537	2.533	2.820	2.528	2.531	2.548	-2.531	-0.742	1.057	2.566
20.83	2.618	51.000	0.000	2.618	-0.237	-1.721	0.075	1.850	2.634	2.615	2.621	2.774	2.618	2.618	2.638	-2.634	-0.820	0.970	2.612
21.53	2.705	51.000	0.000	2.707	NaN	-1.803	-0.016	1.777	2.716	2.706	2.695	2.796	2.700	2.709	2.711	-2.716	-0.911	0.896	2.590
22.22	2.793	51.000	0.000	2.792	NaN	-1.893	-0.089	1.677	2.794	2.797	2.782	2.810	2.791	2.782	2.811	-2.794	-1.002	0.808	2.576
22.92	2.880	51.000	0.000	2.878	NaN	-1.965	-0.185	1.604	2.875	2.878	2.878	2.835	2.863	2.878	2.884	-2.875	-1.083	0.712	2.551
23.61	2.967	51.000	0.000	2.971	NaN	-2.062	-0.282	1.517	3.010	2.963	2.967	2.980	2.959	2.975	2.971	-3.010	-1.167	0.623	2.406
24.31	3.054	51.000	0.000	3.058	NaN	-2.155	-0.360	1.419	0.021	3.063	3.046	3.070	3.053	3.053	3.069	-0.021	-1.268	0.545	2.315
25.00	3.142	51.000	0.000	3.136	0.147	-2.221	-0.453	1.348	3.016	-3.124	3.133	3.130	3.119	-3.137	3.140	-3.016	-1.364	0.457	2.256
25.69	-3.054	51.000	0.000	-3.051	0.559	-2.333	-0.529	1.248	0.073	-3.050	-3.065	-3.046	-3.053	-3.061	-3.043	-0.073	-1.438	0.372	2.148
26.39	-2.967	51.000	0.000	-2.969	NaN	-2.417	-0.614	1.165	2.982	-2.968	-2.973	-2.965	-2.969	-2.976	-2.960	-2.982	-1.520	0.280	2.067
27.08	-2.880	51.000	0.000	-2.880	NaN	-2.487	-0.709	1.077	2.877	-2.869	-2.880	-2.885	-2.899	-2.881	-2.872	-2.877	-1.619	0.187	1.988
27.78	-2.793	51.000	0.000	-2.794	NaN	-2.533	-0.803	0.999	2.794	-2.795	-2.793	-2.797	-2.852	-2.788	-2.794	-2.794	-1.693	0.101	1.900
28.47	-2.705	51.000	0.000	-2.701	0.965	0.329	-0.877	0.909	2.678	-2.690	-2.701	-2.701	0.568	-2.714	-2.704	-2.678	-1.798	0.009	1.803
29.17	-2.618	51.000	0.000	-2.611	-1.403	-2.598	-0.966	0.816	2.610	-2.606	-2.620	-2.616	-2.788	-2.624	-2.611	-2.610	-1.882	-0.073	1.719
29.86	-2.531	51.000	0.000	-2.535	NaN	-2.601	-1.044	0.737	2.522	-2.535	-2.524	-2.535	-2.785	-2.547	-2.533	-2.522	-1.953	-0.169	1.637
30.56	-2.443	51.000	0.000	-2.441	-2.225	-2.441	-1.137	0.640	2.441	-2.437	-2.440	-2.445	-2.944	-2.453	-2.436	-2.441	-2.051	-0.253	1.548
31.25	-2.356	51.000	0.000	-2.356	NaN	-2.367	-1.226	0.563	2.347	-2.321	-2.355	-2.357	-3.018	-2.364	-2.358	-2.347	-2.167	-0.338	1.460
31.94	-2.269	51.000	0.000	-2.272	NaN	-2.267	-1.315	0.470	2.272	-2.330	-2.255	-2.280	-3.119	-2.275	-2.266	-2.272	-2.158	-0.438	1.382
32.64	-2.182	51.000	0.000	-2.183	NaN	-2.207	-1.395	0.390	2.181	-2.321	-2.179	-2.179	3.105	-2.196	-2.185	-2.181	-2.167	-0.514	1.281
33.33	-2.094	51.000	0.000	-2.092	NaN	-2.092	-1.491	0.301	2.088	-2.402	-2.084	-2.099	2.990	-2.099	-2.096	-2.088	-2.086	-0.608	1.202
34.03	-2.007	51.000	0.000	-2.004	NaN	-2.013	-1.570	0.214	2.000	-2.500	-1.996	-2.004	2.911	-2.020	-2.009	-2.000	-1.988	-0.696	1.106
34.72	-1.920	51.000	0.000	-1.918	-0.041	-1.930	-1.640	0.123	1.921	-2.590	-1.909	-1.916	2.828	-1.950	-1.918	-1.921	-1.898	-0.784	1.018
35.42	-1.833	51.000	0.000	-1.836	-1.709	-1.842	1.278	0.046	1.825	-2.653	-1.837	-1.821	2.739	1.415	-1.841	-1.825	-1.835	-0.856	0.924
36.11	-1.745	51.000	0.000	-1.745	NaN	-1.755	-1.674	-0.051	1.748	-2.748	-1.734	-1.747	2.653	-1.916	-1.744	-1.748	-1.740	-0.959	0.849
36.81	-1.658	51.000	0.000	-1.660	NaN	-1.663	-1.668	-0.132	1.660	-2.841	-1.658	-1.652	2.560	-1.923	-1.664	-1.660	-1.647	-1.035	0.755
37.50	-1.571	51.000	0.000	-1.573	0.718	-1.572	-1.590	-0.219	1.579	-2.947	-1.486	-1.573	2.470	-2.000	-1.576	-1.579	-1.541	-1.206	0.675
38.19	-1.484	51.000	0.000	-1.485	NaN	-1.496	-1.476	-0.305	1.485	-3.011	-1.491	-1.472	2.394	-2.115	-1.490	-1.485	-1.477	-1.202	0.575
38.89	-1.396	51.000	0.000	-1.399	NaN	-1.395	-1.429	-0.387	1.403	-3.098	-1.479	-1.384	2.292	-2.161	-1.408	-1.403	-1.390	-1.214	0.486
39.58	-1.309	51.000	0.000	-1.318	NaN	-1.307	-1.335	-0.467	1.310	3.099	-1.367	-1.303	2.205	-2.255	-1.328	-1.310	-1.304	-1.325	0.405
40.28	-1.222	51.000	0.000	-1.222	-2.365	-1.226	-1.222	-0.554	1.223	3.008	-1.483	-1.212	2.123	-2.368	-1.241	-1.223	-1.213	-1.210	0.315
40.97	-1.134	51.000	0.000	-1.139	NaN	-1.135	-1.139	-0.637	1.139	2.920	-1.553	-1.133	2.032	-2.451	-1.158	-1.139	-1.124	-1.140	0.236
41.67	-1.047	51.000	0.000	-1.049	-2.597	-1.048	-1.053	-0.695	1.048	2.837	-1.638	-1.049	1.946	-2.537	-1.100	-1.048	-1.041	-1.055	0.152
42.36	-0.960	51.000	0.000	-0.961	NaN	-0.956	-0.971	2.152	0.965	2.761	-1.742	-0.951	1.854	-2.620	2.336	-0.965	-0.965	-0.951	0.053
43.06	-0.873	51.000	0.000	-0.871	0.846	-0.869	-0.887	-0.838	0.881	2.669	-1.844	-0.848	1.766	-2.703	-0.957	-0.881	-0.874	-0.849	-0.050
43.75	-0.785	51.000	0.000	-0.782	-1.137	-0.778	-0.801	-0.735	0.782	2.578	-1.904	-0.776	1.676	-2.789	-1.061	-0.782	-0.783	-0.789	-0.121
44.44	-0.698	51.000	0.000	-0.698	-1.305	-0.687	-0.705	-0.720	0.703	2.493	-2.001	-0.691	1.585	-2.885	-1.075	-0.703	-0.698	-0.692	-0.207
45.14	-0.611	51.000	0.000	-0.610	NaN	-0.604	-0.619	-0.599	0.627	2.405	-2.084	-0.658	1.502	-2.971	-1.196	-0.627	-0.610	-0.609	-0.240
45.83	-0.524	51.000	0.000	-0.523	NaN	-0.523	-0.524	-0.519	0.523	2.325	-2.180	-0.522	1.420	-3.066	-1.276	-0.523	-0.530	-0.513	-0.376
46.53	-0.436	51.000	0.000	-0.437	NaN	-0.436	-0.431	-0.455	0.445	2.234	-2.260	-0.500	1.333	3.124	-1.340	-0.445	-0.439	-0.433	-0.397
47.22	-0.349	51.000	0.000	-0.354	NaN	-0.338	-0.355	-0.366	0.379	2.148	-2.353	-0.546	1.236	3.048	-1.429	-0.379	-0.353	-0.340	-0.351
47.92	-0.262	51.000	0.000	-0.260	NaN	-0.250	-0.264	-0.274	0.257	2.064	-2.433	-0.648	1.148	2.957	-1.521	-0.257	-0.269	-0.260	-0.250
48.61	-0.175	51.000	0.000	-0.168	NaN	-0.167	-0.168	-0.184	0.151	1.978	-2.518	-0.752	1.064	2.861	-1.611	-0.151	-0.183	-0.175	-0.145
49.31	-0.087	51.000	0.000	-0.094	0.108	-0.082	-0.089	-0.098	0.125	1.892	-2.613	-0.804	0.979	2.782	-1.697	-0.125	-0.097	-0.080	-0.094
50.00	0.000	51.000	0.000	0.001	NaN	0.001	0.001	-0.008	3.125	1.794	-2.685	-0.903	0.897	2.692	-1.788	-3.125	0.001	-0.008	0.005
50.69	0.087	51.000	0.000	0.092	NaN	0.108	0.088	0.078	0.142	1.714	-2.785	-0.997	0.789	2.605	-1.873	-0.142	0.081	0.092	0.099
51.39	0.175	51.000	0.000	0.175	NaN	0.220	0.167	0.178	0.132	1.629	-2.873	-1.073	0.677	2.526	-1.973	-0.132	0.166	0.180	0.175
52.08	0.262	51.000	0.000	0.260	NaN	0.260	0.263	0.256	0.255	1.554	-2.955	-1.167	0.638	2.429	-2.051	-0.255	0.241	0.263	0.270
52.78	0.349	51.000	0.000	0.346	NaN	0.274	0.351	0.349	0.346	1.449	-3.042	-1.236	0.623	2.341	-2.144	-0.346	0.346	0.350	0.338
53.47	0.436	51.000	0.000	0.438	NaN	0.424	0.441	0.438	0.427	1.373	-3.131	-1.341	0.473	2.252	-2.233	-0.427	0.422	0.438	0.443
54.17	0.524	51.000	0.000	0.520	NaN	0.398	0.530	0.523	0.518	1.284	3.068	-1.432	0.499	2.163	-2.318	-0.518	0.511	0.522	0.534
54.86	0.611	51.000	0.000	0.613	NaN	0.262	0.630	0.600	0.605	1.182	2.998	-1.522	0.636	2.062	-2.396	-0.605	0.613	0.592	0.624
55.56	0.698	51.000	0.000	0.696	-2.304	0.186	0.695	0.699	0.682	1.160	2.890	-1.594	0.712	1.998	-2.495	-0.682	0.635	0.700	0.696
56.25	0.785	51.000	0.000	0.785	NaN	0.090	0.805	0.782	0.773	1.092	2.806	-1.687	0.807	1.888	-2.577	-0.773	0.703	0.785	0.790
56.94	0.873	51.000	0.000	0.874	NaN	0.013	0.877	0.883	0.857	0.994	2.717	-1.769	0.884	1.815	-2.678	-0.857	0.801	0.874	0.872
57.64	0.960	51.000	0.000	0.961	NaN	-0.050	0.937	0.976	0.939	1.042	2.629	-1.860	0.948	1.756	-2.771	-0.939	0.753	0.961	0.963
58.33	1.047	51.000	0.000	1.045	NaN	-0.164	1.084	1.040	1.051	0.964	2.562	-1.948	1.062	1.609	-2.836	-1.051	0.831	1.028	1.050
59.03	1.134	51.000	0.000	1.133	-0.723	-0.246	1.166	1.141	1.127	1.124	2.459	-2.031	1.144	1.527	-2.936	-1.127	0.672	1.132	1.133
59.72	1.222	51.000	0.000	1.222	NaN	-0.329	1.257	1.227	1.222	1.191	2.370	-2.116	1.227	1.436	-3.022	-1.222	0.605	1.220	1.218
60.42	1.309	51.000	0.000	1.303	NaN	-0.424	-1.737	1.319	1.302	1.295	2.294	-2.201	1.322	-1.854	-3.115	-1.302	0.500	1.297	1.303
61.11	1.396	51.000	0.000	1.394	NaN	-0.508	1.322	1.411	1.390	1.397	2.184	-2.288	1.406	1.371	3.077	-1.390	0.398	1.407	1.390
61.81	1.484	51.000	0.000	1.480	NaN	-0.589	1.170	1.495	1.480	1.470	2.126	-2.375	1.487	1.523	2.993	-1.480	0.326	1.464	1.477
62.50	1.571	51.000	0.000	1.569	-1.839	-0.680	1.149	1.576	1.564	1.569	2.043	-2.469	1.578	1.544	2.912	-1.564	0.227	1.547	1.571
63.19	1.658	51.000	0.000	1.660	NaN	-0.770	1.029	1.668	1.660	1.653	1.932	-2.548	1.667	1.664	2.820	-1.660	0.142	1.658	1.651
63.89	1.745	51.000	0.000	1.745	NaN	-0.853	0.950	1.762	1.742	1.739	1.924	-2.646	1.751	1.742	2.726	-1.742	0.056	1.667	1.748
64.58	1.833	51.000	0.000	1.834	NaN	-0.934	0.854	1.836	1.837	1.832	-1.466	-2.724	1.832	1.839	2.652	-1.837	-0.037	-1.227	1.826
65.28	1.920	51.000	0.000	1.923	NaN	-1.026	0.762	1.946	1.911	1.919	1.930	-2.804	1.923	1.931	2.542	-1.911	-0.123	1.660	1.906
65.97	2.007	51.000	0.000	1.999	NaN	-1.101	0.678	1.978	2.015	2.007	1.954	-2.895	1.999	2.015	2.510	-2.015	-0.212	1.637	1.998
66.67	2.094	51.000	0.000	2.093	2.463	-1.194	0.579	2.123	2.101	2.093	2.092	-2.986	2.092	2.114	2.365	-2.101	-0.297	1.498	2.089
67.36	2.182	51.000	0.000	2.182	NaN	-1.282	0.504	2.145	2.194	2.180	2.181	-3.082	2.180	2.189	2.343	-2.194	-0.384	1.410	2.184
68.06	2.269	51.000	0.000	2.268	2.023	-1.375	0.419	-0.750	2.266	2.271	2.235	-3.138	2.273	2.274	-1.045	-2.266	-0.475	1.356	2.241
68.75	2.356	51.000	0.000	2.359	NaN	-1.454	0.333	2.090	2.359	2.359	2.346	3.045	2.352	2.360	2.398	-2.359	-0.564	1.244	2.341
69.44	2.443	51.000	0.000	2.439	NaN	-1.541	0.248	2.021	2.458	2.438	2.439	2.950	2.439	2.445	2.467	-2.458	-0.642	1.151	2.436
70.14	2.531	51.000	0.000	2.531	NaN	-1.633	0.157	1.938	2.551	2.527	2.512	2.933	2.531	2.536	2.550	-2.551	-0.732	1.079	2.453
70.83	2.618	51.000	0.000	2.615	1.524	-1.718	0.070	1.876	2.630	2.621	2.603	2.790	2.615	2.623	2.611	-2.630	-0.825	0.987	2.596
71.53	2.705	51.000	0.000	2.707	NaN	-1.792	-0.019	1.780	2.705	2.716	2.688	-0.501	2.690	2.711	2.708	-2.705	-0.921	0.903	-0.397
72.22	2.793	51.000	0.000	2.792	NaN	-1.891	-0.103	1.692	2.807	2.795	2.789	2.784	2.789	2.796	2.796	-2.807	-0.999	0.802	2.602
72.92	2.880	51.000	0.000	2.881	NaN	-1.968	-0.186	1.599	2.886	2.881	2.881	2.827	2.866	2.879	2.889	-2.886	-1.086	0.709	2.558
73.61	2.967	51.000	0.000	2.964	NaN	-2.063	-0.277	1.524	2.958	2.973	2.959	2.972	2.961	2.970	2.964	-2.958	-1.178	0.632	2.413
74.31	3.054	51.000	0.000	3.052	NaN	-2.159	-0.352	1.421	0.090	3.054	3.050	3.047	3.056	3.045	3.067	-0.090	-1.258	0.540	2.338
75.00	3.142	51.000	0.000	3.140	NaN	-2.243	-0.444	1.336	0.121	3.139	3.135	-3.131	3.141	3.137	-3.131	-0.121	-1.344	0.455	2.234
75.69	-3.054	51.000	0.000	-3.059	-3.140	-2.320	-0.536	1.253	3.065	-3.048	-3.054	-3.063	-3.066	-3.055	-3.048	-3.065	-1.440	0.362	2.166
76.39	-2.967	51.000	0.000	-2.969	NaN	-2.393	-0.621	1.160	2.971	-2.956	-2.967	-2.978	-2.993	-2.969	-2.955	-2.971	-1.532	0.275	2.081
77.08	-2.880	51.000	0.000	-2.877	1.249	-2.517	-0.702	1.076	2.880	-2.872	-2.884	-2.877	-2.869	-2.889	-2.871	-2.880	-1.616	0.191	1.980
77.78	-2.793	51.000	0.000	-2.794	NaN	0.428	-0.792	1.002	2.782	-2.781	-2.791	-2.802	0.469	-2.798	-2.797	-2.782	-1.707	0.099	1.905
78.47	-2.705	51.000	0.000	-2.702	NaN	-2.609	-0.881	0.907	2.699	-2.694	-2.701	-2.719	-2.777	-2.709	-2.703	-2.699	-1.794	0.008	1.821
79.17	-2.618	51.000	0.000	-2.620	NaN	-2.620	-0.968	0.821	2.621	-2.628	-2.618	-2.617	-2.766	-2.623	-2.617	-2.621	-1.860	-0.075	1.720
79.86	-2.531	51.000	0.000	-2.532	NaN	-2.536	-1.053	0.738	2.517	-2.528	-2.532	-2.528	-2.850	-2.537	-2.533	-2.517	-1.960	-0.161	1.630
80.56	-2.443	51.000	0.000	-2.438	NaN	-2.432	-1.136	0.643	2.439	-2.407	-2.434	-2.462	-2.953	-2.455	-2.438	-2.439	-2.081	-0.259	1.565
81.25	-2.356	51.000	0.000	-2.352	NaN	-2.389	-1.217	0.560	2.344	-2.338	-2.350	-2.352	-2.997	-2.373	-2.355	-2.344	-2.150	-0.343	1.455
81.94	-2.269	51.000	0.000	-2.274	1.230	-2.274	-1.314	0.475	2.263	-2.354	-2.252	-2.275	-3.111	-2.277	-2.271	-2.263	-2.134	-0.441	1.377
82.64	-2.182	51.000	0.000	-2.186	NaN	-2.192	-1.399	0.392	2.170	-2.313	-2.170	-2.185	3.090	-2.191	-2.187	-2.170	-2.175	-0.523	1.287
83.33	-2.094	51.000	0.000	-2.093	NaN	-2.103	-1.458	0.298	2.089	-2.433	-2.088	-2.093	3.001	-2.132	-2.094	-2.089	-2.055	-0.605	1.196
84.03	-2.007	51.000	0.000	-2.014	NaN	-2.017	-1.557	0.218	1.995	-2.461	-2.006	-2.007	2.915	-2.033	-2.014	-1.995	-2.027	-0.687	1.109
84.72	-1.920	51.000	0.000	-1.918	NaN	-1.926	-1.667	0.128	1.916	-2.580	-1.907	-1.918	2.823	-1.923	-1.923	-1.916	-1.908	-0.786	1.021
85.42	-1.833	51.000	0.000	-1.834	NaN	-1.841	-1.691	0.043	1.829	-2.674	-1.800	-1.839	2.739	-1.899	-1.838	-1.829	-1.814	-0.893	0.941
86.11	-1.745	51.000	0.000	-1.741	NaN	-1.748	1.213	-0.031	1.739	-2.748	-1.734	-1.742	2.646	1.480	-1.764	-1.739	-1.740	-0.959	0.845
86.81	-1.658	51.000	0.000	-1.662	NaN	-1.666	-1.640	-0.130	1.655	-2.826	-1.682	-1.650	2.563	-1.950	-1.665	-1.655	-1.662	-1.011	0.753
87.50	-1.571	51.000	0.000	-1.569	NaN	-1.580	-1.599	-0.208	1.569	-2.922	-1.559	-1.563	2.478	-1.991	-1.587	-1.569	-1.566	-1.133	0.666
88.19	-1.484	51.000	0.000	-1.481	NaN	-1.487	-1.501	-0.315	1.492	-3.015	-1.440	-1.479	2.384	-2.090	-1.481	-1.492	-1.473	-1.252	0.582
88.89	-1.396	51.000	0.000	-1.397	NaN	-1.400	-1.402	-0.400	1.399	-3.102	1.919	-1.393	2.298	-2.189	-1.396	-1.399	-1.386	1.672	0.496
89.58	-1.309	51.000	0.000	-1.307	NaN	-1.314	-1.306	-0.475	1.308	3.101	-1.402	-1.305	2.212	-2.284	-1.320	-1.308	-1.305	-1.291	0.407
90.28	-1.222	51.000	0.000	-1.225	NaN	-1.225	-1.226	-0.555	1.226	3.007	-1.501	-1.210	2.123	-2.364	-1.240	-1.226	-1.212	-1.192	0.312
90.97	-1.134	51.000	0.000	-1.134	NaN	-1.129	-1.144	-0.653	1.135	2.929	-1.586	-1.127	2.026	-2.447	-1.143	-1.135	-1.134	-1.107	0.229
91.67	-1.047	51.000	0.000	-1.054	NaN	-1.049	-1.054	-0.690	1.047	2.836	-1.616	-1.058	1.947	-2.536	-1.105	-1.047	-1.041	-1.076	0.160
92.36	-0.960	51.000	0.000	-0.959	NaN	-0.959	-0.978	-0.751	0.966	2.752	-1.743	-0.948	1.856	-2.612	-1.045	-0.966	-0.956	-0.950	0.051
93.06	-0.873	51.000	0.000	-0.868	NaN	-0.874	-0.870	2.165	0.883	2.661	-1.833	-0.854	1.772	-2.720	2.323	-0.883	-0.866	-0.860	-0.044
93.75	-0.785	51.000	0.000	-0.785	NaN	-0.785	-0.790	-0.782	0.793	2.583	-1.925	-0.772	1.683	-2.800	-1.013	-0.793	-0.788	-0.768	-0.125
94.44	-0.698	51.000	0.000	-0.697	-1.091	-0.696	-0.697	-0.740	0.722	2.479	-1.991	-0.695	1.594	-2.893	-1.056	-0.722	-0.684	-0.702	-0.203
95.14	-0.611	51.000	0.000	-0.612	NaN	-0.604	-0.613	-0.612	0.614	2.405	-2.086	-0.618	1.502	-2.977	-1.184	-0.614	-0.610	-0.607	-0.279
95.83	-0.524	51.000	0.000	-0.524	NaN	-0.508	-0.528	-0.515	0.514	2.319	-2.166	-0.605	1.405	-3.062	-1.280	-0.514	-0.524	-0.527	-0.293
96.53	-0.436	51.000	0.000	-0.438	NaN	-0.428	-0.439	-0.446	0.446	2.232	-2.258	-0.525	1.325	3.132	-1.349	-0.446	-0.437	-0.435	-0.373
97.22	-0.349	51.000	0.000	-0.349	NaN	-0.347	-0.349	-0.366	0.367	2.145	-2.354	2.777	1.245	3.042	-1.429	-0.367	-0.350	-0.339	2.609
97.92	-0.262	51.000	0.000	-0.253	-3.007	-0.253	-0.266	-0.247	0.206	2.063	-2.429	-0.658	1.151	2.959	-1.548	-0.206	-0.268	-0.264	-0.239
98.61	-0.175	51.000	0.000	-0.170	NaN	-0.158	-0.180	-0.170	0.165	1.970	-2.518	-0.745	1.056	2.873	-1.625	-0.165	-0.175	-0.175	-0.153
99.31	-0.087	51.000	0.000	-0.090	NaN	-0.087	-0.084	-0.099	0.122	1.885	-2.608	-0.807	0.984	2.776	-1.696	-0.122	-0.090	-0.085	-0.091
100.00	0.000	51.000	0.000	0.007	NaN	-0.007	0.005	-0.005	0.078	1.804	-2.701	-0.898	0.904	2.687	-1.790	-0.078	-0.009	0.008	0.001
