percent	ang_W	r	phase	choose_angle	delta_1_x_7	delta_2_x_1	delta_3_x_2	delta_4_x_3	delta_5_x_4	delta_6_x_5	delta_7_x_6	delta_7_x_1	delta_1_x_2	delta_2_x_3	delta_3_x_4	delta_4_x_5	delta_5_x_6	delta_6_x_7
0.00	0.000	51.000	0.000	-0.047	-0.001	0.008	-0.001	0.064	1.688	-2.646	-0.834	0.898	2.685	-1.794	-0.064	0.107	-0.047	-0.063
0.69	0.087	51.000	0.000	0.098	0.023	0.107	0.088	0.384	1.652	-2.825	-0.945	0.874	2.585	-1.883	-0.384	0.143	0.132	0.047
1.39	0.175	51.000	0.000	0.188	0.190	0.214	0.128	3.013	1.743	-2.923	-1.084	0.707	2.479	-1.923	-3.013	0.052	0.230	0.186
2.08	0.262	51.000	0.000	0.268	0.319	0.298	0.135	0.523	1.396	-2.961	-1.075	0.579	2.395	-1.930	-0.523	0.399	0.268	0.178
2.78	0.349	51.000	0.000	0.389	0.404	0.345	0.389	2.978	1.548	-3.012	-1.317	0.494	2.348	-2.184	-2.978	0.248	0.319	0.419
3.47	0.436	51.000	0.000	0.439	-2.200	0.407	0.439	0.442	1.296	-3.012	-1.561	3.097	2.286	-2.234	-0.442	0.499	0.319	0.663
4.17	0.524	51.000	0.000	0.532	0.215	0.532	0.506	0.568	1.275	3.050	-1.387	0.683	2.161	-2.301	-0.568	0.520	0.540	0.490
4.86	0.611	51.000	0.000	0.599	0.313	0.555	0.646	0.599	1.336	2.953	-1.534	0.585	2.138	-2.441	-0.599	0.459	0.638	0.636
5.56	0.698	51.000	0.000	0.685	0.213	0.627	0.730	0.687	1.221	2.834	-1.557	0.685	2.066	-2.526	-0.687	0.574	0.756	0.660
6.25	0.785	51.000	0.000	0.849	-0.037	1.127	0.711	0.923	-2.639	2.856	-1.746	0.935	1.566	-2.506	-0.923	-1.849	0.734	0.849
6.94	0.873	51.000	0.000	0.878	0.013	0.870	0.850	0.939	1.015	2.685	-1.776	0.884	1.823	-2.645	-0.939	0.780	0.905	0.878
7.64	0.960	51.000	0.000	0.939	-0.073	0.907	1.010	0.824	1.244	2.575	-1.790	0.970	1.786	-2.806	-0.824	0.551	1.015	0.892
8.33	1.047	51.000	0.000	1.055	-0.228	1.068	0.965	1.121	1.229	2.551	-1.940	1.126	1.624	-2.760	-1.121	0.566	1.039	1.043
9.03	1.134	51.000	0.000	1.138	-0.352	-1.611	1.138	1.138	0.996	2.549	-2.037	1.250	-1.980	-2.933	-1.138	0.799	1.042	1.140
9.72	1.222	51.000	0.000	1.221	-0.397	1.098	1.235	1.306	-2.599	2.384	-2.029	1.294	1.594	-3.030	-1.306	-1.889	1.207	1.132
10.42	1.309	51.000	0.000	1.313	-0.414	-1.549	1.318	1.308	1.232	2.275	-2.211	1.312	-2.042	-3.113	-1.308	0.564	1.316	1.313
11.11	1.396	51.000	0.000	1.336	-0.461	1.006	1.447	1.326	1.318	2.296	-2.244	1.359	1.687	3.041	-1.326	0.477	1.295	1.346
11.81	1.484	51.000	0.000	1.423	-0.683	1.339	1.489	1.466	1.460	2.167	-2.295	1.580	1.354	2.999	-1.466	0.335	1.423	1.397
12.50	1.571	51.000	0.000	1.540	-0.744	-1.472	1.558	1.542	1.482	2.178	-2.436	1.642	-2.119	2.930	-1.542	0.313	1.412	1.538
13.19	1.658	51.000	0.000	1.672	-0.789	1.058	1.695	1.664	1.678	-1.448	-2.562	1.686	1.635	2.793	-1.664	0.117	-1.245	1.665
13.89	1.745	51.000	0.000	1.766	-0.941	0.911	1.750	1.732	1.795	-1.573	-2.519	1.838	1.781	2.738	-1.732	0.001	-1.119	1.622
14.58	1.833	51.000	0.000	1.832	-0.934	0.793	1.797	1.840	1.857	1.987	-2.727	1.832	1.899	2.691	-1.840	-0.062	1.604	1.829
15.28	1.920	51.000	0.000	1.925	-1.027	0.836	1.902	1.847	1.978	2.029	-2.849	1.925	1.857	2.586	-1.847	-0.182	1.561	1.951
15.97	2.007	51.000	0.000	2.024	-1.126	0.702	1.994	2.047	2.042	-1.569	-2.922	2.023	1.991	2.494	-2.047	-0.247	-1.124	2.024
16.67	2.094	51.000	0.000	2.103	-1.132	0.575	-0.632	2.116	2.041	2.091	-3.115	2.030	2.117	-1.163	-2.116	-0.245	1.500	2.218
17.36	2.182	51.000	0.000	2.195	-1.299	0.498	1.969	2.210	2.178	2.249	-3.052	2.197	2.195	2.519	-2.210	-0.383	1.342	2.154
18.06	2.269	51.000	0.000	2.283	-1.401	0.425	1.891	2.333	2.265	2.156	-2.980	2.299	2.268	2.597	-2.333	-0.469	1.435	2.082
18.75	2.356	51.000	0.000	2.371	-1.406	0.213	-0.496	2.379	2.324	2.363	2.978	2.303	2.480	-1.300	-2.379	-0.529	1.227	2.408
19.44	2.443	51.000	0.000	2.430	-1.533	0.262	1.830	2.490	2.372	2.491	3.109	2.430	2.430	2.658	-2.490	-0.577	1.099	2.277
20.14	2.531	51.000	0.000	2.544	-1.595	0.124	1.968	2.619	2.513	2.597	-0.808	2.493	2.569	2.520	-2.619	-0.717	0.993	-0.090
20.83	2.618	51.000	0.000	2.581	-1.743	0.002	1.951	2.775	2.557	2.581	3.108	2.640	2.691	2.537	-2.775	-0.762	1.010	2.278
21.53	2.705	51.000	0.000	2.714	-1.782	0.067	1.676	2.619	2.749	2.759	-0.878	2.679	2.625	2.812	-2.619	-0.954	0.831	-0.020
22.22	2.793	51.000	0.000	2.809	-1.901	-0.071	1.663	2.670	2.819	2.837	-0.625	2.799	2.764	2.825	-2.670	-1.024	0.754	-0.273
22.92	2.880	51.000	0.000	2.918	-1.879	-0.212	1.553	2.931	2.879	2.932	-0.777	2.777	2.905	2.935	-2.931	-1.084	0.658	-0.120
23.61	2.967	51.000	0.000	2.985	-2.137	-0.227	1.503	2.827	3.095	2.850	3.070	3.035	2.920	2.985	-2.827	-1.300	0.740	2.315
24.31	3.054	51.000	0.000	3.090	-2.308	-0.350	1.427	3.119	3.040	3.018	-3.003	-3.078	3.043	3.061	-3.119	-1.245	0.572	2.105
25.00	3.142	51.000	0.000	-3.094	-2.254	-0.430	1.261	2.991	-3.003	3.054	-3.042	-3.132	3.123	-3.056	-2.991	-1.485	0.536	2.144
25.69	-3.054	51.000	0.000	-3.082	-2.190	-0.563	1.287	2.769	-2.959	-3.100	-3.082	3.088	-3.028	-3.082	-2.769	-1.529	0.407	2.184
26.39	-2.967	51.000	0.000	-2.989	-2.478	-0.586	1.179	0.146	-3.026	-2.917	-3.082	-2.908	-3.004	-2.974	-0.146	-1.462	0.224	2.185
27.08	-2.880	51.000	0.000	-2.895	-2.609	-0.688	1.100	2.760	-2.909	-2.766	-3.009	-2.776	-2.902	-2.895	-2.760	-1.579	0.073	2.111
27.78	-2.793	51.000	0.000	-2.795	-2.421	-0.808	1.061	2.645	-2.801	-2.788	-2.824	-2.965	-2.782	-2.856	-2.645	-1.687	0.096	1.926
28.47	-2.705	51.000	0.000	-2.743	0.188	-0.823	0.925	2.794	-2.722	-2.718	-2.765	0.709	-2.767	-2.720	-2.794	-1.766	0.025	1.867
29.17	-2.618	51.000	0.000	-2.543	0.329	-1.034	0.870	2.530	1.125	-2.779	-2.482	0.568	-2.557	-2.665	-2.530	0.670	0.087	1.584
29.86	-2.531	51.000	0.000	-2.480	-2.468	-1.172	0.767	2.512	-2.448	-2.559	-2.480	-2.917	-2.418	-2.562	-2.512	-2.040	-0.134	1.583
30.56	-2.443	51.000	0.000	-2.446	-2.437	-1.135	0.662	2.422	0.976	-2.502	-2.419	-2.948	-2.455	-2.457	-2.422	0.819	-0.191	1.521
31.25	-2.356	51.000	0.000	-2.351	-2.283	-1.197	0.546	2.381	-2.605	-2.352	-2.350	-3.102	-2.394	-2.341	-2.381	-1.883	-0.341	1.453
31.94	-2.269	51.000	0.000	-2.301	-2.247	-1.290	0.456	2.312	-2.409	-2.303	-2.267	-3.139	-2.301	-2.251	-2.312	-2.079	-0.390	1.370
32.64	-2.182	51.000	0.000	-2.205	-2.201	-1.359	0.313	2.271	-2.527	-2.209	-2.135	3.099	-2.231	-2.109	-2.271	-1.961	-0.484	1.237
33.33	-2.094	51.000	0.000	1.186	-2.016	1.251	0.368	2.004	1.101	-2.130	-2.084	2.913	1.442	-2.163	-2.004	0.694	-0.563	1.186
34.03	-2.007	51.000	0.000	-2.078	-2.122	-1.484	0.283	1.995	-2.623	-1.934	-2.018	3.020	-2.107	-2.078	-1.995	-1.865	-0.759	1.120
34.72	-1.920	51.000	0.000	-1.931	-1.932	-1.478	0.106	1.875	-2.481	-1.897	-1.931	2.830	-2.112	-1.901	-1.875	-2.007	-0.796	1.033
35.42	-1.833	51.000	0.000	-1.883	-2.015	1.194	0.088	1.823	-2.595	-1.880	-1.722	2.912	1.499	-1.883	-1.823	-1.893	-0.813	0.824
36.11	-1.745	51.000	0.000	-1.746	-1.818	-1.398	-0.033	1.728	-2.759	-1.849	-1.705	2.716	-2.193	-1.762	-1.728	-1.729	-0.844	0.808
36.81	-1.658	51.000	0.000	-1.654	-1.661	1.048	-0.068	1.652	-2.841	-1.656	-1.639	2.559	1.644	-1.727	-1.652	-1.647	-1.037	0.741
37.50	-1.571	51.000	0.000	-1.596	-1.622	1.158	-0.120	1.571	-2.929	-1.648	-1.518	2.520	1.534	-1.675	-1.571	-1.559	-1.044	0.620
38.19	-1.484	51.000	0.000	-1.483	-1.483	-1.336	-0.349	1.460	-3.005	2.062	-1.548	2.381	-2.254	-1.446	-1.460	-1.483	1.528	0.651
38.89	-1.396	51.000	0.000	-1.349	-1.405	-1.369	-0.499	1.451	3.094	1.925	-1.329	2.303	-2.222	-1.296	-1.451	-1.298	1.665	0.431
39.58	-1.309	51.000	0.000	-1.369	-1.318	-1.379	-0.404	1.275	-3.128	2.189	-1.412	2.216	-2.212	-1.392	-1.275	-1.360	1.402	0.514
40.28	-1.222	51.000	0.000	-1.244	-1.273	-1.320	-0.551	1.232	3.060	-1.519	-1.141	2.171	-2.271	-1.244	-1.232	-1.265	-1.173	0.244
40.97	-1.134	51.000	0.000	-1.125	-1.186	-1.193	-0.729	1.131	2.914	2.027	-1.018	2.083	-2.397	-1.066	-1.131	-1.119	1.563	0.121
41.67	-1.047	51.000	0.000	-1.031	-1.073	-1.031	-0.694	1.020	2.862	-1.689	-1.004	1.970	-2.560	-1.102	-1.020	-1.067	-1.003	0.106
42.36	-0.960	51.000	0.000	-0.942	-0.980	-0.942	-0.693	0.896	2.803	-1.774	-0.939	1.877	-2.648	-1.102	-0.896	-1.008	-0.918	0.042
43.06	-0.873	51.000	0.000	-0.949	-0.832	-0.954	-0.698	0.824	2.726	-1.743	-0.978	1.729	-2.636	-1.097	-0.824	-0.930	-0.949	0.080
43.75	-0.785	51.000	0.000	-0.767	-0.803	-0.772	-0.622	0.629	2.636	-1.926	-0.676	1.700	-2.818	-1.173	-0.629	-0.841	-0.767	-0.222
44.44	-0.698	51.000	0.000	-0.702	-0.752	-0.741	-0.422	0.656	2.458	-1.922	-0.623	1.649	-2.849	-1.373	-0.656	-0.663	-0.771	-0.274
45.14	-0.611	51.000	0.000	-0.665	-0.501	-0.688	-0.725	0.608	2.391	-2.027	-0.685	1.399	-2.902	-1.070	-0.608	-0.596	-0.665	-0.212
45.83	-0.524	51.000	0.000	-0.514	-0.621	-0.514	-0.370	0.520	2.287	-2.207	3.055	1.519	-3.076	-1.425	-0.520	-0.492	-0.486	2.330
46.53	-0.436	51.000	0.000	-0.407	-0.364	-0.414	-0.562	0.616	2.128	-2.286	2.791	1.262	3.106	-1.233	-0.616	-0.333	-0.407	2.595
47.22	-0.349	51.000	0.000	-0.373	-0.508	-0.200	-0.544	0.299	2.195	-2.346	2.906	1.406	2.892	-1.251	-0.299	-0.399	-0.347	2.480
47.92	-0.262	51.000	0.000	3.069	-0.322	-0.272	-0.276	3.062	2.117	-2.487	3.076	1.219	2.964	-1.519	-3.062	-0.322	-0.206	2.309
48.61	-0.175	51.000	0.000	-0.157	-0.140	-0.160	-0.155	2.767	2.062	-2.519	-0.858	1.038	2.853	-1.640	-2.767	-0.267	-0.174	-0.039
49.31	-0.087	51.000	0.000	-0.100	-0.021	-0.142	-0.025	0.230	1.787	-2.570	-0.819	0.919	2.835	-1.771	-0.230	0.008	-0.122	-0.078
50.00	0.000	51.000	0.000	-0.042	-0.060	-0.024	0.017	0.245	1.742	-2.671	-0.830	0.957	2.716	-1.812	-0.245	0.053	-0.021	-0.068
50.69	0.087	51.000	0.000	0.060	-0.009	0.138	0.060	2.825	1.790	-2.790	-0.956	0.906	2.555	-1.855	-2.825	0.006	0.097	0.058
51.39	0.175	51.000	0.000	0.188	-0.168	0.184	0.225	0.195	1.660	-2.884	-0.921	1.066	2.508	-2.021	-0.195	0.135	0.191	0.023
52.08	0.262	51.000	0.000	0.240	-2.583	0.201	0.328	0.037	1.460	-2.971	-1.059	-2.802	2.492	-2.123	-0.037	0.336	0.278	0.162
52.78	0.349	51.000	0.000	0.331	-2.279	0.323	0.298	0.329	1.455	-3.071	-1.231	-3.107	2.369	-2.093	-0.329	0.340	0.379	0.333
53.47	0.436	51.000	0.000	0.412	0.290	0.415	0.373	0.498	1.383	-3.094	-1.312	0.608	2.278	-2.168	-0.498	0.412	0.401	0.414
54.17	0.524	51.000	0.000	0.453	-2.269	0.353	0.521	0.483	1.433	3.137	-1.508	-3.117	2.340	-2.316	-0.483	0.362	0.453	0.610
54.86	0.611	51.000	0.000	0.577	0.057	0.605	0.644	0.502	1.287	2.984	-1.446	0.840	2.088	-2.439	-0.502	0.509	0.607	0.549
55.56	0.698	51.000	0.000	0.696	-2.659	0.702	0.698	0.664	1.200	2.896	-1.640	-2.726	1.990	-2.493	-0.664	0.596	0.695	0.742
56.25	0.785	51.000	0.000	0.796	0.110	0.884	0.736	0.815	-2.325	2.815	-1.702	0.787	1.809	-2.531	-0.815	-2.163	0.776	0.804
56.94	0.873	51.000	0.000	0.860	-0.104	0.949	0.813	0.912	1.147	2.709	-1.736	1.002	1.744	-2.608	-0.912	0.649	0.881	0.838
57.64	0.960	51.000	0.000	0.965	0.005	0.965	1.000	0.941	1.097	2.468	-1.819	0.893	1.728	-2.796	-0.941	0.698	1.122	0.922
58.33	1.047	51.000	0.000	1.031	-0.188	0.965	1.120	1.038	-2.540	2.576	-1.921	1.086	1.728	-2.915	-1.038	-1.948	1.015	1.024
59.03	1.134	51.000	0.000	1.155	-0.205	1.035	1.199	1.087	1.305	2.435	-2.082	1.103	1.658	-2.994	-1.087	0.490	1.155	1.184
59.72	1.222	51.000	0.000	1.225	-0.355	1.091	1.229	1.270	-2.327	2.451	-2.118	1.253	1.602	-3.025	-1.270	-2.161	1.139	1.220
60.42	1.309	51.000	0.000	1.290	-0.437	-1.719	1.301	1.273	1.295	2.359	-2.183	1.335	-1.872	-3.096	-1.273	0.500	1.231	1.285
61.11	1.396	51.000	0.000	1.390	-0.388	1.102	1.423	1.382	1.377	2.191	-2.349	1.286	1.591	3.065	-1.382	0.419	1.399	1.451
61.81	1.484	51.000	0.000	1.506	-0.584	0.888	1.530	1.572	1.430	2.022	-2.355	1.482	1.805	2.958	-1.572	0.365	1.569	1.458
62.50	1.571	51.000	0.000	1.529	-0.578	1.110	1.464	1.683	1.440	-1.433	-2.489	1.476	1.583	3.024	-1.683	0.355	-1.259	1.591
63.19	1.658	51.000	0.000	1.681	-0.839	1.104	1.674	1.696	1.688	-1.599	-2.521	1.737	1.589	2.814	-1.696	0.107	-1.094	1.624
63.89	1.745	51.000	0.000	1.708	-0.854	0.965	1.681	1.784	1.675	-1.402	-2.585	1.752	1.728	2.807	-1.784	0.120	-1.291	1.687
64.58	1.833	51.000	0.000	1.852	-0.922	0.892	1.889	1.852	1.851	-1.602	-2.797	1.820	1.801	2.599	-1.852	-0.056	-1.090	1.899
65.28	1.920	51.000	0.000	1.917	-1.037	0.778	1.896	1.990	1.795	2.153	-2.814	1.935	1.915	2.592	-1.990	0.000	1.437	1.917
65.97	2.007	51.000	0.000	2.079	-1.052	0.609	1.908	2.066	1.941	2.221	-2.971	1.950	2.084	2.580	-2.066	-0.145	1.370	2.073
66.67	2.094	51.000	0.000	2.075	-1.178	0.615	2.068	2.034	2.171	1.994	-3.031	2.075	2.078	2.420	-2.034	-0.376	1.596	2.133
67.36	2.182	51.000	0.000	2.163	-1.231	0.417	-0.674	2.157	2.158	2.255	-3.066	2.129	2.276	-1.122	-2.157	-0.363	1.336	2.168
68.06	2.269	51.000	0.000	2.283	-1.371	0.409	2.026	2.347	2.248	2.275	3.102	2.269	2.283	2.462	-2.347	-0.453	1.316	2.283
68.75	2.356	51.000	0.000	2.345	-1.391	0.345	1.842	2.496	2.261	2.354	3.043	2.288	2.348	2.646	-2.496	-0.466	1.237	2.342
69.44	2.443	51.000	0.000	2.454	-1.470	0.213	1.976	2.552	2.427	2.424	-0.686	2.367	2.480	2.512	-2.552	-0.632	1.167	-0.212
70.14	2.531	51.000	0.000	2.512	-1.602	0.152	2.070	2.490	2.542	2.524	-0.611	2.500	2.541	2.418	-2.490	-0.747	1.066	-0.287
70.83	2.618	51.000	0.000	2.628	-1.643	0.021	1.889	2.640	2.615	2.675	-0.821	2.541	2.671	2.599	-2.640	-0.820	0.916	-0.077
71.53	2.705	51.000	0.000	2.742	-1.764	-0.021	1.718	2.865	2.636	2.794	-0.781	2.662	2.714	2.770	-2.865	-0.841	0.797	-0.117
72.22	2.793	51.000	0.000	2.801	-1.943	-0.138	1.836	2.801	2.770	2.795	2.931	2.841	2.831	2.652	-2.801	-0.975	0.795	2.454
72.92	2.880	51.000	0.000	2.878	-1.881	-0.214	1.581	2.868	2.878	2.855	2.878	2.779	2.907	2.907	-2.868	-1.083	0.735	2.507
73.61	2.967	51.000	0.000	2.920	-2.024	-0.255	1.569	2.862	2.981	2.920	2.859	2.922	2.948	2.919	-2.862	-1.186	0.671	2.527
74.31	3.054	51.000	0.000	3.041	-2.175	-0.324	1.388	2.950	3.103	3.041	3.036	3.073	3.017	3.100	-2.950	-1.307	0.550	2.350
75.00	3.142	51.000	0.000	-3.139	-2.232	-0.461	1.337	0.143	-3.099	3.114	3.137	3.130	-3.129	-3.133	-0.143	-1.389	0.477	2.248
75.69	-3.054	51.000	0.000	-3.090	0.427	-0.501	1.324	0.204	3.128	-3.058	-2.992	0.470	-3.090	-3.120	-0.204	-1.333	0.365	2.095
76.39	-2.967	51.000	0.000	-2.940	-2.622	-0.626	1.205	2.890	-3.006	-2.940	-2.927	-2.764	-2.964	-3.000	-2.890	-1.482	0.247	2.029
77.08	-2.880	51.000	0.000	-2.877	-2.671	-0.748	1.147	2.854	-2.886	-2.878	-2.876	-2.715	-2.842	-2.942	-2.854	-1.602	0.185	1.979
77.78	-2.793	51.000	0.000	-2.761	-2.529	-0.769	0.956	2.652	-2.666	-2.761	-2.830	-2.857	-2.821	-2.751	-2.652	-1.822	0.068	1.932
78.47	-2.705	51.000	0.000	-2.667	0.167	-0.941	0.975	2.603	-2.573	-2.703	-2.685	0.731	-2.649	-2.770	-2.603	-1.915	0.010	1.788
79.17	-2.618	51.000	0.000	-2.583	-2.452	-1.005	0.788	2.554	-2.388	-2.601	-2.629	-2.933	-2.586	-2.583	-2.554	-2.100	-0.091	1.732
79.86	-2.531	51.000	0.000	-2.494	-2.370	-1.057	0.697	2.468	1.043	-2.496	-2.587	-3.016	-2.534	-2.492	-2.468	0.752	-0.197	1.689
80.56	-2.443	51.000	0.000	-2.448	-2.480	-1.177	0.699	2.448	-2.423	-2.502	-2.420	-2.906	-2.413	-2.494	-2.448	-2.065	-0.191	1.522
81.25	-2.356	51.000	0.000	-2.376	-2.346	-1.143	0.496	2.406	1.133	-2.312	-2.460	-3.040	-2.447	-2.291	-2.406	0.662	-0.381	1.562
81.94	-2.269	51.000	0.000	-2.297	-2.089	-1.421	0.502	2.169	1.325	-2.304	-2.329	2.987	-2.170	-2.297	-2.169	0.471	-0.389	1.432
82.64	-2.182	51.000	0.000	-2.110	-2.103	-1.540	0.424	2.111	1.164	-2.108	-2.250	3.001	-2.050	-2.219	-2.111	0.632	-0.585	1.352
83.33	-2.094	51.000	0.000	-2.088	-2.073	-1.361	0.307	2.047	-2.562	-2.013	-2.135	2.970	-2.229	-2.102	-2.047	-1.926	-0.680	1.238
84.03	-2.007	51.000	0.000	-2.018	-1.973	-1.564	0.221	1.980	1.083	-2.074	-2.019	2.871	-2.026	-2.017	-1.980	0.712	-0.619	1.122
84.72	-1.920	51.000	0.000	-1.971	-2.028	-1.548	0.219	1.913	-2.517	-1.937	-1.954	2.925	-2.043	-2.014	-1.913	-1.971	-0.756	1.056
85.42	-1.833	51.000	0.000	-1.891	-1.871	-1.540	-0.054	1.859	-2.518	-1.911	-1.796	2.768	-2.051	-1.741	-1.859	-1.970	-0.782	0.899
86.11	-1.745	51.000	0.000	-1.737	-1.740	-1.569	-0.060	1.717	-2.663	-1.942	-1.677	2.637	-2.021	-1.735	-1.717	-1.825	-0.751	0.780
86.81	-1.658	51.000	0.000	-1.632	-1.632	1.169	-0.076	1.616	-2.856	-1.599	-1.658	2.530	1.524	-1.719	-1.616	-1.632	-1.094	0.761
87.50	-1.571	51.000	0.000	-1.581	-1.592	1.050	-0.078	1.572	-2.962	-1.368	-1.581	2.490	1.642	-1.717	-1.572	-1.526	-1.325	0.683
88.19	-1.484	51.000	0.000	-1.428	-1.510	-1.430	-0.373	1.569	-3.069	-1.691	-1.425	2.407	-2.160	-1.423	-1.569	-1.419	-1.001	0.528
88.89	-1.396	51.000	0.000	-1.442	-1.453	-1.257	-0.607	1.460	-3.027	-1.443	-1.440	2.351	-2.334	-1.188	-1.460	-1.461	-1.249	0.542
89.58	-1.309	51.000	0.000	-1.315	-1.319	-1.458	-0.317	1.261	3.105	2.063	-1.312	2.217	-2.132	-1.478	-1.261	-1.310	1.527	0.414
90.28	-1.222	51.000	0.000	-1.230	-1.151	-1.266	-0.551	1.216	2.957	2.139	-1.308	2.049	-2.324	-1.244	-1.216	-1.161	1.451	0.411
90.97	-1.134	51.000	0.000	-1.135	-1.227	-1.120	-0.632	1.111	2.944	1.935	-1.048	2.124	-2.470	-1.164	-1.111	-1.149	1.655	0.150
91.67	-1.047	51.000	0.000	-1.140	-0.944	-1.009	1.904	1.148	2.707	-1.520	-1.132	1.841	-2.582	2.584	-1.148	-0.912	-1.173	0.235
92.36	-0.960	51.000	0.000	-0.996	-0.903	-0.996	-0.731	0.949	2.818	-1.844	-1.044	1.801	-2.594	-1.065	-0.949	-1.023	-0.848	0.146
93.06	-0.873	51.000	0.000	-0.876	-0.910	-0.847	1.956	0.949	2.671	-2.002	2.774	1.807	-2.743	2.532	-0.949	-0.876	-0.690	2.612
93.75	-0.785	51.000	0.000	-0.768	-0.670	-0.875	-0.372	0.768	2.551	-1.902	-1.056	1.568	-2.716	-1.423	-0.768	-0.756	-0.791	0.158
94.44	-0.698	51.000	0.000	-0.684	-0.685	-0.741	-0.490	0.612	2.508	-2.009	-0.656	1.583	-2.849	-1.305	-0.612	-0.713	-0.684	-0.242
95.14	-0.611	51.000	0.000	-0.574	-0.574	-0.629	-0.548	0.506	2.462	-2.131	-0.621	1.471	-2.961	-1.247	-0.506	-0.667	-0.562	-0.277
95.83	-0.524	51.000	0.000	-0.512	-0.608	-0.445	-0.452	0.471	2.349	-2.116	-0.845	1.506	3.138	-1.343	-0.471	-0.554	-0.577	-0.053
96.53	-0.436	51.000	0.000	-0.419	-0.433	-0.377	-0.500	0.259	2.286	-2.274	-0.610	1.331	3.070	-1.295	-0.259	-0.490	-0.419	-0.287
97.22	-0.349	51.000	0.000	-0.362	-0.255	-0.438	-0.086	2.944	2.160	-2.334	-0.873	1.153	3.131	-1.709	-2.944	-0.364	-0.359	-0.025
97.92	-0.262	51.000	0.000	-0.285	-0.303	-0.259	-0.285	0.287	2.083	-2.412	-0.680	1.200	2.952	-1.511	-0.287	-0.288	-0.281	-0.217
98.61	-0.175	51.000	0.000	-0.163	-0.106	-0.163	-0.228	0.221	1.950	-2.491	-0.825	1.003	2.855	-1.567	-0.221	-0.155	-0.201	-0.073
99.31	-0.087	51.000	0.000	-0.084	0.054	-0.141	-0.084	2.860	1.857	-2.528	-0.867	0.844	2.833	-1.711	-2.860	-0.062	-0.165	-0.031
100.00	0.000	51.000	0.000	-0.074	-0.054	-0.054	0.106	2.851	1.890	-2.802	-0.712	0.951	2.747	-1.901	-2.851	-0.094	0.109	-0.186
